
topic List 1 is vertical and topic List 2 is horizontal
T_List1/T_List2     topic0        topic1        topic2        topic3        topic4        topic5        topic6        topic7        topic8        topic9   
    topic0    |   1.000000  |   0.006276  |   0.000815  |   0.007815  |   0.004714  | #-0.003055  |   0.000474  |##-0.003690  |   0.001657  |   -0.002486 
----------------------------------------------------------------------------------------------------------------------------------------------------------
    topic1    |   0.006276  |   1.000000  |   -0.000556 |   -0.000549 |   -0.001278 |   0.001225  |   -0.001133 | #-0.001561  |   0.005438  |##-0.002832  
----------------------------------------------------------------------------------------------------------------------------------------------------------
    topic2    |   0.000815  |   -0.000556 |   1.000000  |   0.006782  |   0.003972  | #-0.004329  |   -0.003753 |   0.002909  |##-0.007827  |   0.009106  
----------------------------------------------------------------------------------------------------------------------------------------------------------
    topic3    |   0.007815  |   -0.000549 |   0.006782  |   1.000000  |   0.010139  |   0.006209  |   0.001134  |   -0.001366 |##-0.005198  | #-0.005079  
----------------------------------------------------------------------------------------------------------------------------------------------------------
    topic4    |   0.004714  |   -0.001278 |   0.003972  |   0.010139  |   1.000000  |   0.003217  |   0.001794  |   0.001536  |##-0.003968  | #-0.003080  
----------------------------------------------------------------------------------------------------------------------------------------------------------
    topic5    |   -0.003055 |   0.001225  |##-0.004329  |   0.006209  |   0.003217  |   1.000000  |   0.004304  | #-0.003891  |   -0.000611 |   -0.000704 
----------------------------------------------------------------------------------------------------------------------------------------------------------
    topic6    |   0.000474  |   -0.001133 |##-0.003753  |   0.001134  |   0.001794  |   0.004304  |   1.000000  |   0.004300  |   -0.001967 | #-0.003522  
----------------------------------------------------------------------------------------------------------------------------------------------------------
    topic7    | #-0.003690  |   -0.001561 |   0.002909  |   -0.001366 |   0.001536  |##-0.003891  |   0.004300  |   1.000000  |   -0.000221 |   0.003709  
----------------------------------------------------------------------------------------------------------------------------------------------------------
    topic8    |   0.001657  |   0.005438  |##-0.007827  | #-0.005198  |   -0.003968 |   -0.000611 |   -0.001967 |   -0.000221 |   1.000000  |   -0.001998 
----------------------------------------------------------------------------------------------------------------------------------------------------------
    topic9    |   -0.002486 |   -0.002832 |   0.009106  |##-0.005079  |   -0.003080 |   -0.000704 | #-0.003522  |   0.003709  |   -0.001998 |   1.000000  
----------------------------------------------------------------------------------------------------------------------------------------------------------
