
Topic List 1 is vertical and Topic List 2 is horizontal
<style>table, th, td {border: 1px solid black;}</style><table><thead><tr><th></th><th> Topic0</th><th> Topic1</th><th> Topic2</th><th> Topic3</th><th> Topic4</th><th> Topic5</th><th> Topic6</th><th> Topic7</th><th> Topic8</th><th> Topic9</th></tr></thead><tbody><tr><td> Topic0</td><td><span style='background-color: rgb(255,255,255)'>0.000000</span></td><td><span style='background-color: rgb(230,230,230)'>0.953554</span></td><td><span style='background-color: rgb(105,105,105)'>1.057999</span></td><td><span style='background-color: rgb(130,130,130)'>1.037734</span></td><td><span style='background-color: rgb(55,55,55)'>1.332015</span></td><td><span style='background-color: rgb(30,30,30)'>1.519002</span></td><td><span style='background-color: rgb(80,80,80)'>1.252500</span></td><td><span style='background-color: rgb(180,180,180)'>1.018605</span></td><td><span style='background-color: rgb(155,155,155)'>1.032797</span></td><td><span style='background-color: rgb(205,205,205)'>1.011080</span></td></tr><tr><td> Topic1</td><td><span style='background-color: rgb(230,230,230)'>0.953554</span></td><td><span style='background-color: rgb(255,255,255)'>0.000000</span></td><td><span style='background-color: rgb(205,205,205)'>1.008027</span></td><td><span style='background-color: rgb(180,180,180)'>1.050995</span></td><td><span style='background-color: rgb(55,55,55)'>1.390119</span></td><td><span style='background-color: rgb(30,30,30)'>1.618372</span></td><td><span style='background-color: rgb(80,80,80)'>1.362810</span></td><td><span style='background-color: rgb(155,155,155)'>1.068081</span></td><td><span style='background-color: rgb(105,105,105)'>1.135062</span></td><td><span style='background-color: rgb(130,130,130)'>1.076102</span></td></tr><tr><td> Topic2</td><td><span style='background-color: rgb(80,80,80)'>1.057999</span></td><td><span style='background-color: rgb(130,130,130)'>1.008027</span></td><td><span style='background-color: rgb(255,255,255)'>0.000000</span></td><td><span style='background-color: rgb(230,230,230)'>0.700560</span></td><td><span style='background-color: rgb(105,105,105)'>1.013498</span></td><td><span style='background-color: rgb(55,55,55)'>1.464495</span></td><td><span style='background-color: rgb(30,30,30)'>1.637591</span></td><td><span style='background-color: rgb(205,205,205)'>0.746434</span></td><td><span style='background-color: rgb(155,155,155)'>0.866235</span></td><td><span style='background-color: rgb(180,180,180)'>0.805524</span></td></tr><tr><td> Topic3</td><td><span style='background-color: rgb(105,105,105)'>1.037734</span></td><td><span style='background-color: rgb(80,80,80)'>1.050995</span></td><td><span style='background-color: rgb(230,230,230)'>0.700560</span></td><td><span style='background-color: rgb(255,255,255)'>0.000000</span></td><td><span style='background-color: rgb(130,130,130)'>0.993742</span></td><td><span style='background-color: rgb(55,55,55)'>1.371652</span></td><td><span style='background-color: rgb(30,30,30)'>1.631986</span></td><td><span style='background-color: rgb(205,205,205)'>0.745555</span></td><td><span style='background-color: rgb(180,180,180)'>0.824148</span></td><td><span style='background-color: rgb(155,155,155)'>0.830727</span></td></tr><tr><td> Topic4</td><td><span style='background-color: rgb(80,80,80)'>1.332015</span></td><td><span style='background-color: rgb(55,55,55)'>1.390119</span></td><td><span style='background-color: rgb(180,180,180)'>1.013498</span></td><td><span style='background-color: rgb(205,205,205)'>0.993742</span></td><td><span style='background-color: rgb(255,255,255)'>0.000000</span></td><td><span style='background-color: rgb(230,230,230)'>0.978554</span></td><td><span style='background-color: rgb(30,30,30)'>2.061762</span></td><td><span style='background-color: rgb(155,155,155)'>1.106009</span></td><td><span style='background-color: rgb(130,130,130)'>1.126835</span></td><td><span style='background-color: rgb(105,105,105)'>1.206407</span></td></tr><tr><td> Topic5</td><td><span style='background-color: rgb(155,155,155)'>1.519002</span></td><td><span style='background-color: rgb(55,55,55)'>1.618372</span></td><td><span style='background-color: rgb(180,180,180)'>1.464495</span></td><td><span style='background-color: rgb(205,205,205)'>1.371652</span></td><td><span style='background-color: rgb(230,230,230)'>0.978554</span></td><td><span style='background-color: rgb(255,255,255)'>0.000000</span></td><td><span style='background-color: rgb(30,30,30)'>2.074345</span></td><td><span style='background-color: rgb(105,105,105)'>1.569312</span></td><td><span style='background-color: rgb(130,130,130)'>1.521765</span></td><td><span style='background-color: rgb(80,80,80)'>1.586886</span></td></tr><tr><td> Topic6</td><td><span style='background-color: rgb(230,230,230)'>1.252500</span></td><td><span style='background-color: rgb(205,205,205)'>1.362810</span></td><td><span style='background-color: rgb(80,80,80)'>1.637591</span></td><td><span style='background-color: rgb(105,105,105)'>1.631986</span></td><td><span style='background-color: rgb(55,55,55)'>2.061762</span></td><td><span style='background-color: rgb(30,30,30)'>2.074345</span></td><td><span style='background-color: rgb(255,255,255)'>0.000000</span></td><td><span style='background-color: rgb(130,130,130)'>1.478101</span></td><td><span style='background-color: rgb(155,155,155)'>1.454939</span></td><td><span style='background-color: rgb(180,180,180)'>1.384192</span></td></tr><tr><td> Topic7</td><td><span style='background-color: rgb(130,130,130)'>1.018605</span></td><td><span style='background-color: rgb(105,105,105)'>1.068081</span></td><td><span style='background-color: rgb(205,205,205)'>0.746434</span></td><td><span style='background-color: rgb(230,230,230)'>0.745555</span></td><td><span style='background-color: rgb(80,80,80)'>1.106009</span></td><td><span style='background-color: rgb(30,30,30)'>1.569312</span></td><td><span style='background-color: rgb(55,55,55)'>1.478101</span></td><td><span style='background-color: rgb(255,255,255)'>0.000000</span></td><td><span style='background-color: rgb(180,180,180)'>0.819202</span></td><td><span style='background-color: rgb(155,155,155)'>0.831516</span></td></tr><tr><td> Topic8</td><td><span style='background-color: rgb(130,130,130)'>1.032797</span></td><td><span style='background-color: rgb(80,80,80)'>1.135062</span></td><td><span style='background-color: rgb(155,155,155)'>0.866235</span></td><td><span style='background-color: rgb(180,180,180)'>0.824148</span></td><td><span style='background-color: rgb(105,105,105)'>1.126835</span></td><td><span style='background-color: rgb(30,30,30)'>1.521765</span></td><td><span style='background-color: rgb(55,55,55)'>1.454939</span></td><td><span style='background-color: rgb(205,205,205)'>0.819202</span></td><td><span style='background-color: rgb(255,255,255)'>0.000000</span></td><td><span style='background-color: rgb(230,230,230)'>0.786185</span></td></tr><tr><td> Topic9</td><td><span style='background-color: rgb(130,130,130)'>1.011080</span></td><td><span style='background-color: rgb(105,105,105)'>1.076102</span></td><td><span style='background-color: rgb(205,205,205)'>0.805524</span></td><td><span style='background-color: rgb(180,180,180)'>0.830727</span></td><td><span style='background-color: rgb(80,80,80)'>1.206407</span></td><td><span style='background-color: rgb(30,30,30)'>1.586886</span></td><td><span style='background-color: rgb(55,55,55)'>1.384192</span></td><td><span style='background-color: rgb(155,155,155)'>0.831516</span></td><td><span style='background-color: rgb(230,230,230)'>0.786185</span></td><td><span style='background-color: rgb(255,255,255)'>0.000000</span></td></tr></tbody></table>