
topic List 1 is vertical and topic List 2 is horizontal
<style>table, th, td {border: 1px solid black;}</style><table><thead><tr><th></th><th> topic0</th><th> topic1</th><th> topic2</th><th> topic3</th><th> topic4</th><th> topic5</th><th> topic6</th><th> topic7</th><th> topic8</th><th> topic9</th></tr></thead><tbody><tr><td> topic0</td><td><span style='background-color: rgb(225,225,225)'>1.000000</span></td><td><span style='background-color: rgb(175,175,175)'>0.219512</span></td><td><span style='background-color: rgb(50,50,50)'>0.124859</span></td><td><span style='background-color: rgb(0,0,0)'>0.111111</span></td><td><span style='background-color: rgb(25,25,25)'>0.119821</span></td><td><span style='background-color: rgb(150,150,150)'>0.187648</span></td><td><span style='background-color: rgb(200,200,200)'>0.248439</span></td><td><span style='background-color: rgb(75,75,75)'>0.131222</span></td><td><span style='background-color: rgb(100,100,100)'>0.140251</span></td><td><span style='background-color: rgb(125,125,125)'>0.154734</span></td></tr><tr><td> topic1</td><td><span style='background-color: rgb(200,200,200)'>0.219512</span></td><td><span style='background-color: rgb(225,225,225)'>1.000000</span></td><td><span style='background-color: rgb(125,125,125)'>0.126126</span></td><td><span style='background-color: rgb(0,0,0)'>0.102536</span></td><td><span style='background-color: rgb(50,50,50)'>0.103753</span></td><td><span style='background-color: rgb(150,150,150)'>0.180638</span></td><td><span style='background-color: rgb(175,175,175)'>0.189061</span></td><td><span style='background-color: rgb(50,50,50)'>0.103753</span></td><td><span style='background-color: rgb(75,75,75)'>0.109878</span></td><td><span style='background-color: rgb(100,100,100)'>0.111111</span></td></tr><tr><td> topic2</td><td><span style='background-color: rgb(150,150,150)'>0.124859</span></td><td><span style='background-color: rgb(175,175,175)'>0.126126</span></td><td><span style='background-color: rgb(225,225,225)'>1.000000</span></td><td><span style='background-color: rgb(25,25,25)'>0.095290</span></td><td><span style='background-color: rgb(100,100,100)'>0.113586</span></td><td><span style='background-color: rgb(200,200,200)'>0.145475</span></td><td><span style='background-color: rgb(75,75,75)'>0.104972</span></td><td><span style='background-color: rgb(50,50,50)'>0.102536</span></td><td><span style='background-color: rgb(0,0,0)'>0.085776</span></td><td><span style='background-color: rgb(125,125,125)'>0.117318</span></td></tr><tr><td> topic3</td><td><span style='background-color: rgb(175,175,175)'>0.111111</span></td><td><span style='background-color: rgb(125,125,125)'>0.102536</span></td><td><span style='background-color: rgb(75,75,75)'>0.095290</span></td><td><span style='background-color: rgb(225,225,225)'>1.000000</span></td><td><span style='background-color: rgb(150,150,150)'>0.107420</span></td><td><span style='background-color: rgb(200,200,200)'>0.146789</span></td><td><span style='background-color: rgb(100,100,100)'>0.097695</span></td><td><span style='background-color: rgb(25,25,25)'>0.086957</span></td><td><span style='background-color: rgb(75,75,75)'>0.095290</span></td><td><span style='background-color: rgb(0,0,0)'>0.081081</span></td></tr><tr><td> topic4</td><td><span style='background-color: rgb(175,175,175)'>0.119821</span></td><td><span style='background-color: rgb(100,100,100)'>0.103753</span></td><td><span style='background-color: rgb(150,150,150)'>0.113586</span></td><td><span style='background-color: rgb(125,125,125)'>0.107420</span></td><td><span style='background-color: rgb(225,225,225)'>1.000000</span></td><td><span style='background-color: rgb(200,200,200)'>0.209190</span></td><td><span style='background-color: rgb(50,50,50)'>0.090513</span></td><td><span style='background-color: rgb(25,25,25)'>0.088139</span></td><td><span style='background-color: rgb(25,25,25)'>0.088139</span></td><td><span style='background-color: rgb(75,75,75)'>0.091703</span></td></tr><tr><td> topic5</td><td><span style='background-color: rgb(175,175,175)'>0.187648</span></td><td><span style='background-color: rgb(150,150,150)'>0.180638</span></td><td><span style='background-color: rgb(75,75,75)'>0.145475</span></td><td><span style='background-color: rgb(100,100,100)'>0.146789</span></td><td><span style='background-color: rgb(200,200,200)'>0.209190</span></td><td><span style='background-color: rgb(225,225,225)'>1.000000</span></td><td><span style='background-color: rgb(125,125,125)'>0.157407</span></td><td><span style='background-color: rgb(0,0,0)'>0.127396</span></td><td><span style='background-color: rgb(50,50,50)'>0.132503</span></td><td><span style='background-color: rgb(25,25,25)'>0.131222</span></td></tr><tr><td> topic6</td><td><span style='background-color: rgb(200,200,200)'>0.248439</span></td><td><span style='background-color: rgb(175,175,175)'>0.189061</span></td><td><span style='background-color: rgb(50,50,50)'>0.104972</span></td><td><span style='background-color: rgb(25,25,25)'>0.097695</span></td><td><span style='background-color: rgb(0,0,0)'>0.090513</span></td><td><span style='background-color: rgb(75,75,75)'>0.157407</span></td><td><span style='background-color: rgb(225,225,225)'>1.000000</span></td><td><span style='background-color: rgb(100,100,100)'>0.165501</span></td><td><span style='background-color: rgb(125,125,125)'>0.166861</span></td><td><span style='background-color: rgb(150,150,150)'>0.187648</span></td></tr><tr><td> topic7</td><td><span style='background-color: rgb(125,125,125)'>0.131222</span></td><td><span style='background-color: rgb(75,75,75)'>0.103753</span></td><td><span style='background-color: rgb(50,50,50)'>0.102536</span></td><td><span style='background-color: rgb(0,0,0)'>0.086957</span></td><td><span style='background-color: rgb(25,25,25)'>0.088139</span></td><td><span style='background-color: rgb(100,100,100)'>0.127396</span></td><td><span style='background-color: rgb(200,200,200)'>0.165501</span></td><td><span style='background-color: rgb(225,225,225)'>1.000000</span></td><td><span style='background-color: rgb(175,175,175)'>0.138952</span></td><td><span style='background-color: rgb(150,150,150)'>0.136364</span></td></tr><tr><td> topic8</td><td><span style='background-color: rgb(175,175,175)'>0.140251</span></td><td><span style='background-color: rgb(75,75,75)'>0.109878</span></td><td><span style='background-color: rgb(0,0,0)'>0.085776</span></td><td><span style='background-color: rgb(50,50,50)'>0.095290</span></td><td><span style='background-color: rgb(25,25,25)'>0.088139</span></td><td><span style='background-color: rgb(100,100,100)'>0.132503</span></td><td><span style='background-color: rgb(200,200,200)'>0.166861</span></td><td><span style='background-color: rgb(125,125,125)'>0.138952</span></td><td><span style='background-color: rgb(225,225,225)'>1.000000</span></td><td><span style='background-color: rgb(175,175,175)'>0.140251</span></td></tr><tr><td> topic9</td><td><span style='background-color: rgb(175,175,175)'>0.154734</span></td><td><span style='background-color: rgb(50,50,50)'>0.111111</span></td><td><span style='background-color: rgb(75,75,75)'>0.117318</span></td><td><span style='background-color: rgb(0,0,0)'>0.081081</span></td><td><span style='background-color: rgb(25,25,25)'>0.091703</span></td><td><span style='background-color: rgb(100,100,100)'>0.131222</span></td><td><span style='background-color: rgb(200,200,200)'>0.187648</span></td><td><span style='background-color: rgb(125,125,125)'>0.136364</span></td><td><span style='background-color: rgb(150,150,150)'>0.140251</span></td><td><span style='background-color: rgb(225,225,225)'>1.000000</span></td></tr></tbody></table>