
Topic List 1 is vertical and Topic List 2 is horizontal
<style>table, th, td {border: 1px solid black;}</style><table><thead><tr><th></th><th> Topic0</th><th> Topic1</th><th> Topic2</th><th> Topic3</th><th> Topic4</th><th> Topic5</th><th> Topic6</th><th> Topic7</th><th> Topic8</th><th> Topic9</th></tr></thead><tbody><tr><td> Topic0</td><td><span style='background-color: rgb(255,255,255)'>-0.000000</span></td><td><span style='background-color: rgb(230,230,230)'>0.438480</span></td><td><span style='background-color: rgb(130,130,130)'>0.685401</span></td><td><span style='background-color: rgb(55,55,55)'>0.731791</span></td><td><span style='background-color: rgb(30,30,30)'>0.792907</span></td><td><span style='background-color: rgb(105,105,105)'>0.712378</span></td><td><span style='background-color: rgb(205,205,205)'>0.455037</span></td><td><span style='background-color: rgb(80,80,80)'>0.728729</span></td><td><span style='background-color: rgb(180,180,180)'>0.655831</span></td><td><span style='background-color: rgb(155,155,155)'>0.656865</span></td></tr><tr><td> Topic1</td><td><span style='background-color: rgb(230,230,230)'>0.438480</span></td><td><span style='background-color: rgb(255,255,255)'>0.000000</span></td><td><span style='background-color: rgb(180,180,180)'>0.664666</span></td><td><span style='background-color: rgb(105,105,105)'>0.752997</span></td><td><span style='background-color: rgb(30,30,30)'>0.843977</span></td><td><span style='background-color: rgb(80,80,80)'>0.759363</span></td><td><span style='background-color: rgb(205,205,205)'>0.567198</span></td><td><span style='background-color: rgb(55,55,55)'>0.768196</span></td><td><span style='background-color: rgb(130,130,130)'>0.744552</span></td><td><span style='background-color: rgb(155,155,155)'>0.716017</span></td></tr><tr><td> Topic2</td><td><span style='background-color: rgb(205,205,205)'>0.685401</span></td><td><span style='background-color: rgb(230,230,230)'>0.664666</span></td><td><span style='background-color: rgb(255,255,255)'>-0.000000</span></td><td><span style='background-color: rgb(105,105,105)'>0.745250</span></td><td><span style='background-color: rgb(80,80,80)'>0.769566</span></td><td><span style='background-color: rgb(180,180,180)'>0.712451</span></td><td><span style='background-color: rgb(155,155,155)'>0.726725</span></td><td><span style='background-color: rgb(55,55,55)'>0.779521</span></td><td><span style='background-color: rgb(30,30,30)'>0.780865</span></td><td><span style='background-color: rgb(130,130,130)'>0.734604</span></td></tr><tr><td> Topic3</td><td><span style='background-color: rgb(205,205,205)'>0.731791</span></td><td><span style='background-color: rgb(130,130,130)'>0.752997</span></td><td><span style='background-color: rgb(155,155,155)'>0.745250</span></td><td><span style='background-color: rgb(255,255,255)'>0.000000</span></td><td><span style='background-color: rgb(180,180,180)'>0.744011</span></td><td><span style='background-color: rgb(230,230,230)'>0.596617</span></td><td><span style='background-color: rgb(55,55,55)'>0.786531</span></td><td><span style='background-color: rgb(30,30,30)'>0.807273</span></td><td><span style='background-color: rgb(80,80,80)'>0.765701</span></td><td><span style='background-color: rgb(105,105,105)'>0.757882</span></td></tr><tr><td> Topic4</td><td><span style='background-color: rgb(130,130,130)'>0.792907</span></td><td><span style='background-color: rgb(105,105,105)'>0.843977</span></td><td><span style='background-color: rgb(180,180,180)'>0.769566</span></td><td><span style='background-color: rgb(205,205,205)'>0.744011</span></td><td><span style='background-color: rgb(255,255,255)'>-0.000000</span></td><td><span style='background-color: rgb(230,230,230)'>0.207999</span></td><td><span style='background-color: rgb(30,30,30)'>0.889053</span></td><td><span style='background-color: rgb(80,80,80)'>0.845931</span></td><td><span style='background-color: rgb(155,155,155)'>0.779629</span></td><td><span style='background-color: rgb(55,55,55)'>0.851783</span></td></tr><tr><td> Topic5</td><td><span style='background-color: rgb(180,180,180)'>0.712378</span></td><td><span style='background-color: rgb(105,105,105)'>0.759363</span></td><td><span style='background-color: rgb(155,155,155)'>0.712451</span></td><td><span style='background-color: rgb(205,205,205)'>0.596617</span></td><td><span style='background-color: rgb(230,230,230)'>0.207999</span></td><td><span style='background-color: rgb(255,255,255)'>-0.000000</span></td><td><span style='background-color: rgb(30,30,30)'>0.812113</span></td><td><span style='background-color: rgb(55,55,55)'>0.806196</span></td><td><span style='background-color: rgb(130,130,130)'>0.736686</span></td><td><span style='background-color: rgb(80,80,80)'>0.801828</span></td></tr><tr><td> Topic6</td><td><span style='background-color: rgb(230,230,230)'>0.455037</span></td><td><span style='background-color: rgb(205,205,205)'>0.567198</span></td><td><span style='background-color: rgb(105,105,105)'>0.726725</span></td><td><span style='background-color: rgb(80,80,80)'>0.786531</span></td><td><span style='background-color: rgb(30,30,30)'>0.889053</span></td><td><span style='background-color: rgb(55,55,55)'>0.812113</span></td><td><span style='background-color: rgb(255,255,255)'>-0.000000</span></td><td><span style='background-color: rgb(130,130,130)'>0.693494</span></td><td><span style='background-color: rgb(155,155,155)'>0.631205</span></td><td><span style='background-color: rgb(180,180,180)'>0.581490</span></td></tr><tr><td> Topic7</td><td><span style='background-color: rgb(205,205,205)'>0.728729</span></td><td><span style='background-color: rgb(180,180,180)'>0.768196</span></td><td><span style='background-color: rgb(155,155,155)'>0.779521</span></td><td><span style='background-color: rgb(55,55,55)'>0.807273</span></td><td><span style='background-color: rgb(30,30,30)'>0.845931</span></td><td><span style='background-color: rgb(80,80,80)'>0.806196</span></td><td><span style='background-color: rgb(230,230,230)'>0.693494</span></td><td><span style='background-color: rgb(255,255,255)'>0.000000</span></td><td><span style='background-color: rgb(130,130,130)'>0.783711</span></td><td><span style='background-color: rgb(105,105,105)'>0.791266</span></td></tr><tr><td> Topic8</td><td><span style='background-color: rgb(180,180,180)'>0.655831</span></td><td><span style='background-color: rgb(130,130,130)'>0.744552</span></td><td><span style='background-color: rgb(55,55,55)'>0.780865</span></td><td><span style='background-color: rgb(105,105,105)'>0.765701</span></td><td><span style='background-color: rgb(80,80,80)'>0.779629</span></td><td><span style='background-color: rgb(155,155,155)'>0.736686</span></td><td><span style='background-color: rgb(205,205,205)'>0.631205</span></td><td><span style='background-color: rgb(30,30,30)'>0.783711</span></td><td><span style='background-color: rgb(255,255,255)'>-0.000000</span></td><td><span style='background-color: rgb(230,230,230)'>0.524652</span></td></tr><tr><td> Topic9</td><td><span style='background-color: rgb(180,180,180)'>0.656865</span></td><td><span style='background-color: rgb(155,155,155)'>0.716017</span></td><td><span style='background-color: rgb(130,130,130)'>0.734604</span></td><td><span style='background-color: rgb(105,105,105)'>0.757882</span></td><td><span style='background-color: rgb(30,30,30)'>0.851783</span></td><td><span style='background-color: rgb(55,55,55)'>0.801828</span></td><td><span style='background-color: rgb(205,205,205)'>0.581490</span></td><td><span style='background-color: rgb(80,80,80)'>0.791266</span></td><td><span style='background-color: rgb(230,230,230)'>0.524652</span></td><td><span style='background-color: rgb(255,255,255)'>-0.000000</span></td></tr></tbody></table>