
topic List 1 is vertical and topic List 2 is horizontal
T_List1/T_List2     topic0        topic1        topic2        topic3        topic4        topic5        topic6        topic7        topic8        topic9   
    topic0    |   1.000000  |   0.219512  |   0.124859  |##0.111111   | #0.119821   |   0.187648  |   0.248439  |   0.131222  |   0.140251  |   0.154734  
----------------------------------------------------------------------------------------------------------------------------------------------------------
    topic1    |   0.219512  |   1.000000  |   0.126126  |##0.102536   | #0.103753   |   0.180638  |   0.189061  |   0.103753  |   0.109878  |   0.111111  
----------------------------------------------------------------------------------------------------------------------------------------------------------
    topic2    |   0.124859  |   0.126126  |   1.000000  | #0.095290   |   0.113586  |   0.145475  |   0.104972  |   0.102536  |##0.085776   |   0.117318  
----------------------------------------------------------------------------------------------------------------------------------------------------------
    topic3    |   0.111111  |   0.102536  |   0.095290  |   1.000000  |   0.107420  |   0.146789  |   0.097695  | #0.086957   |   0.095290  |##0.081081   
----------------------------------------------------------------------------------------------------------------------------------------------------------
    topic4    |   0.119821  |   0.103753  |   0.113586  |   0.107420  |   1.000000  |   0.209190  |   0.090513  |##0.088139   | #0.088139   |   0.091703  
----------------------------------------------------------------------------------------------------------------------------------------------------------
    topic5    |   0.187648  |   0.180638  |   0.145475  |   0.146789  |   0.209190  |   1.000000  |   0.157407  |##0.127396   |   0.132503  | #0.131222   
----------------------------------------------------------------------------------------------------------------------------------------------------------
    topic6    |   0.248439  |   0.189061  |   0.104972  | #0.097695   |##0.090513   |   0.157407  |   1.000000  |   0.165501  |   0.166861  |   0.187648  
----------------------------------------------------------------------------------------------------------------------------------------------------------
    topic7    |   0.131222  |   0.103753  |   0.102536  |##0.086957   | #0.088139   |   0.127396  |   0.165501  |   1.000000  |   0.138952  |   0.136364  
----------------------------------------------------------------------------------------------------------------------------------------------------------
    topic8    |   0.140251  |   0.109878  |##0.085776   |   0.095290  | #0.088139   |   0.132503  |   0.166861  |   0.138952  |   1.000000  |   0.140251  
----------------------------------------------------------------------------------------------------------------------------------------------------------
    topic9    |   0.154734  |   0.111111  |   0.117318  |##0.081081   | #0.091703   |   0.131222  |   0.187648  |   0.136364  |   0.140251  |   1.000000  
----------------------------------------------------------------------------------------------------------------------------------------------------------
