
topic List 1 is vertical and topic List 2 is horizontal
T_List1/T_List2     topic0        topic1        topic2        topic3        topic4        topic5        topic6        topic7        topic8        topic9   
    topic0    |    0.000000 |    0.004135 |    0.000257 |    0.003722 |    0.077155 |  **0.077756 |    0.011554 |    0.013210 |    0.016478 |    0.016067 
----------------------------------------------------------------------------------------------------------------------------------------------------------
    topic1    |    0.004135 |    0.000000 |    0.004392 |    0.000413 |    0.073020 |  **0.073622 |    0.007419 |    0.009075 |    0.012343 |    0.011932 
----------------------------------------------------------------------------------------------------------------------------------------------------------
    topic2    |    0.000257 |    0.004392 |    0.000000 |    0.003979 |    0.077412 |  **0.078013 |    0.011811 |    0.013467 |    0.016735 |    0.016324 
----------------------------------------------------------------------------------------------------------------------------------------------------------
    topic3    |    0.003722 |    0.000413 |    0.003979 |    0.000000 |    0.073433 |  **0.074034 |    0.007832 |    0.009488 |    0.012756 |    0.012345 
----------------------------------------------------------------------------------------------------------------------------------------------------------
    topic4    |    0.077155 |    0.073020 |  **0.077412 |    0.073433 |    0.000000 |    0.000602 |    0.065601 |    0.063944 |    0.060677 |    0.061087 
----------------------------------------------------------------------------------------------------------------------------------------------------------
    topic5    |    0.077756 |    0.073622 |  **0.078013 |    0.074034 |    0.000602 |    0.000000 |    0.066203 |    0.064546 |    0.061278 |    0.061689 
----------------------------------------------------------------------------------------------------------------------------------------------------------
    topic6    |    0.011554 |    0.007419 |    0.011811 |    0.007832 |    0.065601 |  **0.066203 |    0.000000 |    0.001657 |    0.004924 |    0.004514 
----------------------------------------------------------------------------------------------------------------------------------------------------------
    topic7    |    0.013210 |    0.009075 |    0.013467 |    0.009488 |    0.063944 |  **0.064546 |    0.001657 |    0.000000 |    0.003268 |    0.002857 
----------------------------------------------------------------------------------------------------------------------------------------------------------
    topic8    |    0.016478 |    0.012343 |    0.016735 |    0.012756 |    0.060677 |  **0.061278 |    0.004924 |    0.003268 |    0.000000 |    0.000411 
----------------------------------------------------------------------------------------------------------------------------------------------------------
    topic9    |    0.016067 |    0.011932 |    0.016324 |    0.012345 |    0.061087 |  **0.061689 |    0.004514 |    0.002857 |    0.000411 |    0.000000 
----------------------------------------------------------------------------------------------------------------------------------------------------------
