
Topic List 1 is vertical and Topic List 2 is horizontal
T_List1/T_List2     Topic0        Topic1        Topic2        Topic3        Topic4        Topic5        Topic6        Topic7        Topic8        Topic9   
    Topic0    |   0.000000  | #0.225215   |   0.254032  |   0.250875  |   0.324680  |   0.374360  |   0.301801  |   0.242278  |   0.249314  |   0.242188  
----------------------------------------------------------------------------------------------------------------------------------------------------------
    Topic1    | #0.225215   |   0.000000  |   0.242448  |   0.252419  |   0.334126  |   0.392315  |   0.333324  |   0.251841  |   0.268940  |   0.258272  
----------------------------------------------------------------------------------------------------------------------------------------------------------
    Topic2    |   0.254032  |   0.242448  |   -0.000000 | #0.157388   |   0.237523  |   0.366897  |   0.419378  |   0.166197  |   0.196364  |   0.182938  
----------------------------------------------------------------------------------------------------------------------------------------------------------
    Topic3    |   0.250875  |   0.252419  | #0.157388   |   0.000000  |   0.232054  |   0.344675  |   0.420434  |   0.164871  |   0.185242  |   0.189786  
----------------------------------------------------------------------------------------------------------------------------------------------------------
    Topic4    |   0.324680  |   0.334126  |   0.237523  |   0.232054  |   -0.000000 | #0.230009   |   0.515283  |   0.256013  |   0.263993  |   0.277982  
----------------------------------------------------------------------------------------------------------------------------------------------------------
    Topic5    |   0.374360  |   0.392315  |   0.366897  |   0.344675  | #0.230009   |   -0.000000 |   0.507322  |   0.386669  |   0.376979  |   0.389774  
----------------------------------------------------------------------------------------------------------------------------------------------------------
    Topic6    | #0.301801   |   0.333324  |   0.419378  |   0.420434  |   0.515283  |   0.507322  |   -0.000000 |   0.367725  |   0.364931  |   0.345896  
----------------------------------------------------------------------------------------------------------------------------------------------------------
    Topic7    |   0.242278  |   0.251841  |   0.166197  | #0.164871   |   0.256013  |   0.386669  |   0.367725  |   0.000000  |   0.183363  |   0.185703  
----------------------------------------------------------------------------------------------------------------------------------------------------------
    Topic8    |   0.249314  |   0.268940  |   0.196364  |   0.185242  |   0.263993  |   0.376979  |   0.364931  |   0.183363  |   0.000000  | #0.178459   
----------------------------------------------------------------------------------------------------------------------------------------------------------
    Topic9    |   0.242188  |   0.258272  |   0.182938  |   0.189786  |   0.277982  |   0.389774  |   0.345896  |   0.185703  | #0.178459   |   0.000000  
----------------------------------------------------------------------------------------------------------------------------------------------------------
