
Topic List 1 is vertical and Topic List 2 is horizontal
<style>table, th, td {border: 1px solid black;}</style><table><thead><tr><th></th><th> Topic0</th><th> Topic1</th><th> Topic2</th><th> Topic3</th><th> Topic4</th><th> Topic5</th><th> Topic6</th><th> Topic7</th><th> Topic8</th><th> Topic9</th></tr></thead><tbody><tr><td> Topic0</td><td><span style='background-color: #FFFFFF'>0.000000</span></td><td><span style='background-color: #E66666'>0.225215</span></td><td><span style='background-color: #666669'>0.254032</span></td><td><span style='background-color: #800002'>0.250875</span></td><td><span style='background-color: #333337'>0.324680</span></td><td><span style='background-color: #19999E'>0.374360</span></td><td><span style='background-color: #4CCCD0'>0.301801</span></td><td><span style='background-color: #B33334'>0.242278</span></td><td><span style='background-color: #99999B'>0.249314</span></td><td><span style='background-color: #CCCCCD'>0.242188</span></td></tr><tr><td> Topic1</td><td><span style='background-color: #E66666'>0.225215</span></td><td><span style='background-color: #FFFFFF'>0.000000</span></td><td><span style='background-color: #CCCCCD'>0.242448</span></td><td><span style='background-color: #99999B'>0.252419</span></td><td><span style='background-color: #333337'>0.334126</span></td><td><span style='background-color: #19999E'>0.392315</span></td><td><span style='background-color: #4CCCD0'>0.333324</span></td><td><span style='background-color: #B33334'>0.251841</span></td><td><span style='background-color: #666669'>0.268940</span></td><td><span style='background-color: #800002'>0.258272</span></td></tr><tr><td> Topic2</td><td><span style='background-color: #4CCCD0'>0.254032</span></td><td><span style='background-color: #666669'>0.242448</span></td><td><span style='background-color: #FFFFFF'>-0.000000</span></td><td><span style='background-color: #E66666'>0.157388</span></td><td><span style='background-color: #800002'>0.237523</span></td><td><span style='background-color: #333337'>0.366897</span></td><td><span style='background-color: #19999E'>0.419378</span></td><td><span style='background-color: #CCCCCD'>0.166197</span></td><td><span style='background-color: #99999B'>0.196364</span></td><td><span style='background-color: #B33334'>0.182938</span></td></tr><tr><td> Topic3</td><td><span style='background-color: #666669'>0.250875</span></td><td><span style='background-color: #4CCCD0'>0.252419</span></td><td><span style='background-color: #E66666'>0.157388</span></td><td><span style='background-color: #FFFFFF'>0.000000</span></td><td><span style='background-color: #800002'>0.232054</span></td><td><span style='background-color: #333337'>0.344675</span></td><td><span style='background-color: #19999E'>0.420434</span></td><td><span style='background-color: #CCCCCD'>0.164871</span></td><td><span style='background-color: #B33334'>0.185242</span></td><td><span style='background-color: #99999B'>0.189786</span></td></tr><tr><td> Topic4</td><td><span style='background-color: #4CCCD0'>0.324680</span></td><td><span style='background-color: #333337'>0.334126</span></td><td><span style='background-color: #B33334'>0.237523</span></td><td><span style='background-color: #CCCCCD'>0.232054</span></td><td><span style='background-color: #FFFFFF'>-0.000000</span></td><td><span style='background-color: #E66666'>0.230009</span></td><td><span style='background-color: #19999E'>0.515283</span></td><td><span style='background-color: #99999B'>0.256013</span></td><td><span style='background-color: #800002'>0.263993</span></td><td><span style='background-color: #666669'>0.277982</span></td></tr><tr><td> Topic5</td><td><span style='background-color: #99999B'>0.374360</span></td><td><span style='background-color: #333337'>0.392315</span></td><td><span style='background-color: #B33334'>0.366897</span></td><td><span style='background-color: #CCCCCD'>0.344675</span></td><td><span style='background-color: #E66666'>0.230009</span></td><td><span style='background-color: #FFFFFF'>-0.000000</span></td><td><span style='background-color: #19999E'>0.507322</span></td><td><span style='background-color: #666669'>0.386669</span></td><td><span style='background-color: #800002'>0.376979</span></td><td><span style='background-color: #4CCCD0'>0.389774</span></td></tr><tr><td> Topic6</td><td><span style='background-color: #E66666'>0.301801</span></td><td><span style='background-color: #CCCCCD'>0.333324</span></td><td><span style='background-color: #666669'>0.419378</span></td><td><span style='background-color: #4CCCD0'>0.420434</span></td><td><span style='background-color: #19999E'>0.515283</span></td><td><span style='background-color: #333337'>0.507322</span></td><td><span style='background-color: #FFFFFF'>-0.000000</span></td><td><span style='background-color: #800002'>0.367725</span></td><td><span style='background-color: #99999B'>0.364931</span></td><td><span style='background-color: #B33334'>0.345896</span></td></tr><tr><td> Topic7</td><td><span style='background-color: #800002'>0.242278</span></td><td><span style='background-color: #666669'>0.251841</span></td><td><span style='background-color: #CCCCCD'>0.166197</span></td><td><span style='background-color: #E66666'>0.164871</span></td><td><span style='background-color: #4CCCD0'>0.256013</span></td><td><span style='background-color: #19999E'>0.386669</span></td><td><span style='background-color: #333337'>0.367725</span></td><td><span style='background-color: #FFFFFF'>0.000000</span></td><td><span style='background-color: #B33334'>0.183363</span></td><td><span style='background-color: #99999B'>0.185703</span></td></tr><tr><td> Topic8</td><td><span style='background-color: #800002'>0.249314</span></td><td><span style='background-color: #4CCCD0'>0.268940</span></td><td><span style='background-color: #99999B'>0.196364</span></td><td><span style='background-color: #B33334'>0.185242</span></td><td><span style='background-color: #666669'>0.263993</span></td><td><span style='background-color: #19999E'>0.376979</span></td><td><span style='background-color: #333337'>0.364931</span></td><td><span style='background-color: #CCCCCD'>0.183363</span></td><td><span style='background-color: #FFFFFF'>0.000000</span></td><td><span style='background-color: #E66666'>0.178459</span></td></tr><tr><td> Topic9</td><td><span style='background-color: #800002'>0.242188</span></td><td><span style='background-color: #666669'>0.258272</span></td><td><span style='background-color: #CCCCCD'>0.182938</span></td><td><span style='background-color: #99999B'>0.189786</span></td><td><span style='background-color: #4CCCD0'>0.277982</span></td><td><span style='background-color: #19999E'>0.389774</span></td><td><span style='background-color: #333337'>0.345896</span></td><td><span style='background-color: #B33334'>0.185703</span></td><td><span style='background-color: #E66666'>0.178459</span></td><td><span style='background-color: #FFFFFF'>0.000000</span></td></tr></tbody></table>