
topic List 1 is vertical and topic List 2 is horizontal
<style>table, th, td {border: 1px solid black;}</style><table><thead><tr><th></th><th> topic0</th><th> topic1</th><th> topic2</th><th> topic3</th><th> topic4</th><th> topic5</th><th> topic6</th><th> topic7</th><th> topic8</th><th> topic9</th></tr></thead><tbody><tr><td> topic0</td><td><span style='background-color: rgb(225,225,225)'>1.000000</span></td><td><span style='background-color: rgb(175,175,175)'>0.006276</span></td><td><span style='background-color: rgb(100,100,100)'>0.000815</span></td><td><span style='background-color: rgb(200,200,200)'>0.007815</span></td><td><span style='background-color: rgb(150,150,150)'>0.004714</span></td><td><span style='background-color: rgb(25,25,25)'>-0.003055</span></td><td><span style='background-color: rgb(75,75,75)'>0.000474</span></td><td><span style='background-color: rgb(0,0,0)'>-0.003690</span></td><td><span style='background-color: rgb(125,125,125)'>0.001657</span></td><td><span style='background-color: rgb(50,50,50)'>-0.002486</span></td></tr><tr><td> topic1</td><td><span style='background-color: rgb(200,200,200)'>0.006276</span></td><td><span style='background-color: rgb(225,225,225)'>1.000000</span></td><td><span style='background-color: rgb(100,100,100)'>-0.000556</span></td><td><span style='background-color: rgb(125,125,125)'>-0.000549</span></td><td><span style='background-color: rgb(50,50,50)'>-0.001278</span></td><td><span style='background-color: rgb(150,150,150)'>0.001225</span></td><td><span style='background-color: rgb(75,75,75)'>-0.001133</span></td><td><span style='background-color: rgb(25,25,25)'>-0.001561</span></td><td><span style='background-color: rgb(175,175,175)'>0.005438</span></td><td><span style='background-color: rgb(0,0,0)'>-0.002832</span></td></tr><tr><td> topic2</td><td><span style='background-color: rgb(100,100,100)'>0.000815</span></td><td><span style='background-color: rgb(75,75,75)'>-0.000556</span></td><td><span style='background-color: rgb(225,225,225)'>1.000000</span></td><td><span style='background-color: rgb(175,175,175)'>0.006782</span></td><td><span style='background-color: rgb(150,150,150)'>0.003972</span></td><td><span style='background-color: rgb(25,25,25)'>-0.004329</span></td><td><span style='background-color: rgb(50,50,50)'>-0.003753</span></td><td><span style='background-color: rgb(125,125,125)'>0.002909</span></td><td><span style='background-color: rgb(0,0,0)'>-0.007827</span></td><td><span style='background-color: rgb(200,200,200)'>0.009106</span></td></tr><tr><td> topic3</td><td><span style='background-color: rgb(175,175,175)'>0.007815</span></td><td><span style='background-color: rgb(75,75,75)'>-0.000549</span></td><td><span style='background-color: rgb(150,150,150)'>0.006782</span></td><td><span style='background-color: rgb(225,225,225)'>1.000000</span></td><td><span style='background-color: rgb(200,200,200)'>0.010139</span></td><td><span style='background-color: rgb(125,125,125)'>0.006209</span></td><td><span style='background-color: rgb(100,100,100)'>0.001134</span></td><td><span style='background-color: rgb(50,50,50)'>-0.001366</span></td><td><span style='background-color: rgb(0,0,0)'>-0.005198</span></td><td><span style='background-color: rgb(25,25,25)'>-0.005079</span></td></tr><tr><td> topic4</td><td><span style='background-color: rgb(175,175,175)'>0.004714</span></td><td><span style='background-color: rgb(50,50,50)'>-0.001278</span></td><td><span style='background-color: rgb(150,150,150)'>0.003972</span></td><td><span style='background-color: rgb(200,200,200)'>0.010139</span></td><td><span style='background-color: rgb(225,225,225)'>1.000000</span></td><td><span style='background-color: rgb(125,125,125)'>0.003217</span></td><td><span style='background-color: rgb(100,100,100)'>0.001794</span></td><td><span style='background-color: rgb(75,75,75)'>0.001536</span></td><td><span style='background-color: rgb(0,0,0)'>-0.003968</span></td><td><span style='background-color: rgb(25,25,25)'>-0.003080</span></td></tr><tr><td> topic5</td><td><span style='background-color: rgb(50,50,50)'>-0.003055</span></td><td><span style='background-color: rgb(125,125,125)'>0.001225</span></td><td><span style='background-color: rgb(0,0,0)'>-0.004329</span></td><td><span style='background-color: rgb(200,200,200)'>0.006209</span></td><td><span style='background-color: rgb(150,150,150)'>0.003217</span></td><td><span style='background-color: rgb(225,225,225)'>1.000000</span></td><td><span style='background-color: rgb(175,175,175)'>0.004304</span></td><td><span style='background-color: rgb(25,25,25)'>-0.003891</span></td><td><span style='background-color: rgb(100,100,100)'>-0.000611</span></td><td><span style='background-color: rgb(75,75,75)'>-0.000704</span></td></tr><tr><td> topic6</td><td><span style='background-color: rgb(100,100,100)'>0.000474</span></td><td><span style='background-color: rgb(75,75,75)'>-0.001133</span></td><td><span style='background-color: rgb(0,0,0)'>-0.003753</span></td><td><span style='background-color: rgb(125,125,125)'>0.001134</span></td><td><span style='background-color: rgb(150,150,150)'>0.001794</span></td><td><span style='background-color: rgb(200,200,200)'>0.004304</span></td><td><span style='background-color: rgb(225,225,225)'>1.000000</span></td><td><span style='background-color: rgb(175,175,175)'>0.004300</span></td><td><span style='background-color: rgb(50,50,50)'>-0.001967</span></td><td><span style='background-color: rgb(25,25,25)'>-0.003522</span></td></tr><tr><td> topic7</td><td><span style='background-color: rgb(25,25,25)'>-0.003690</span></td><td><span style='background-color: rgb(50,50,50)'>-0.001561</span></td><td><span style='background-color: rgb(150,150,150)'>0.002909</span></td><td><span style='background-color: rgb(75,75,75)'>-0.001366</span></td><td><span style='background-color: rgb(125,125,125)'>0.001536</span></td><td><span style='background-color: rgb(0,0,0)'>-0.003891</span></td><td><span style='background-color: rgb(200,200,200)'>0.004300</span></td><td><span style='background-color: rgb(225,225,225)'>1.000000</span></td><td><span style='background-color: rgb(100,100,100)'>-0.000221</span></td><td><span style='background-color: rgb(175,175,175)'>0.003709</span></td></tr><tr><td> topic8</td><td><span style='background-color: rgb(175,175,175)'>0.001657</span></td><td><span style='background-color: rgb(200,200,200)'>0.005438</span></td><td><span style='background-color: rgb(0,0,0)'>-0.007827</span></td><td><span style='background-color: rgb(25,25,25)'>-0.005198</span></td><td><span style='background-color: rgb(50,50,50)'>-0.003968</span></td><td><span style='background-color: rgb(125,125,125)'>-0.000611</span></td><td><span style='background-color: rgb(100,100,100)'>-0.001967</span></td><td><span style='background-color: rgb(150,150,150)'>-0.000221</span></td><td><span style='background-color: rgb(225,225,225)'>1.000000</span></td><td><span style='background-color: rgb(75,75,75)'>-0.001998</span></td></tr><tr><td> topic9</td><td><span style='background-color: rgb(100,100,100)'>-0.002486</span></td><td><span style='background-color: rgb(75,75,75)'>-0.002832</span></td><td><span style='background-color: rgb(200,200,200)'>0.009106</span></td><td><span style='background-color: rgb(0,0,0)'>-0.005079</span></td><td><span style='background-color: rgb(50,50,50)'>-0.003080</span></td><td><span style='background-color: rgb(150,150,150)'>-0.000704</span></td><td><span style='background-color: rgb(25,25,25)'>-0.003522</span></td><td><span style='background-color: rgb(175,175,175)'>0.003709</span></td><td><span style='background-color: rgb(125,125,125)'>-0.001998</span></td><td><span style='background-color: rgb(225,225,225)'>1.000000</span></td></tr></tbody></table>