
topic List 1 is vertical and topic List 2 is horizontal
<style>table, th, td {border: 1px solid black;}</style><table><thead><tr><th></th><th> topic0</th><th> topic1</th><th> topic2</th><th> topic3</th><th> topic4</th><th> topic5</th><th> topic6</th><th> topic7</th><th> topic8</th><th> topic9</th></tr></thead><tbody><tr><td> topic0</td><td><span style='background-color: rgb(255,255,255)'>0.000000</span></td><td><span style='background-color: rgb(180,180,180)'>0.004135</span></td><td><span style='background-color: rgb(230,230,230)'>0.000257</span></td><td><span style='background-color: rgb(205,205,205)'>0.003722</span></td><td><span style='background-color: rgb(55,55,55)'>0.077155</span></td><td><span style='background-color: rgb(30,30,30)'>0.077756</span></td><td><span style='background-color: rgb(155,155,155)'>0.011554</span></td><td><span style='background-color: rgb(130,130,130)'>0.013210</span></td><td><span style='background-color: rgb(80,80,80)'>0.016478</span></td><td><span style='background-color: rgb(105,105,105)'>0.016067</span></td></tr><tr><td> topic1</td><td><span style='background-color: rgb(205,205,205)'>0.004135</span></td><td><span style='background-color: rgb(255,255,255)'>0.000000</span></td><td><span style='background-color: rgb(180,180,180)'>0.004392</span></td><td><span style='background-color: rgb(230,230,230)'>0.000413</span></td><td><span style='background-color: rgb(55,55,55)'>0.073020</span></td><td><span style='background-color: rgb(30,30,30)'>0.073622</span></td><td><span style='background-color: rgb(155,155,155)'>0.007419</span></td><td><span style='background-color: rgb(130,130,130)'>0.009075</span></td><td><span style='background-color: rgb(80,80,80)'>0.012343</span></td><td><span style='background-color: rgb(105,105,105)'>0.011932</span></td></tr><tr><td> topic2</td><td><span style='background-color: rgb(230,230,230)'>0.000257</span></td><td><span style='background-color: rgb(180,180,180)'>0.004392</span></td><td><span style='background-color: rgb(255,255,255)'>0.000000</span></td><td><span style='background-color: rgb(205,205,205)'>0.003979</span></td><td><span style='background-color: rgb(55,55,55)'>0.077412</span></td><td><span style='background-color: rgb(30,30,30)'>0.078013</span></td><td><span style='background-color: rgb(155,155,155)'>0.011811</span></td><td><span style='background-color: rgb(130,130,130)'>0.013467</span></td><td><span style='background-color: rgb(80,80,80)'>0.016735</span></td><td><span style='background-color: rgb(105,105,105)'>0.016324</span></td></tr><tr><td> topic3</td><td><span style='background-color: rgb(205,205,205)'>0.003722</span></td><td><span style='background-color: rgb(230,230,230)'>0.000413</span></td><td><span style='background-color: rgb(180,180,180)'>0.003979</span></td><td><span style='background-color: rgb(255,255,255)'>0.000000</span></td><td><span style='background-color: rgb(55,55,55)'>0.073433</span></td><td><span style='background-color: rgb(30,30,30)'>0.074034</span></td><td><span style='background-color: rgb(155,155,155)'>0.007832</span></td><td><span style='background-color: rgb(130,130,130)'>0.009488</span></td><td><span style='background-color: rgb(80,80,80)'>0.012756</span></td><td><span style='background-color: rgb(105,105,105)'>0.012345</span></td></tr><tr><td> topic4</td><td><span style='background-color: rgb(55,55,55)'>0.077155</span></td><td><span style='background-color: rgb(105,105,105)'>0.073020</span></td><td><span style='background-color: rgb(30,30,30)'>0.077412</span></td><td><span style='background-color: rgb(80,80,80)'>0.073433</span></td><td><span style='background-color: rgb(255,255,255)'>0.000000</span></td><td><span style='background-color: rgb(230,230,230)'>0.000602</span></td><td><span style='background-color: rgb(130,130,130)'>0.065601</span></td><td><span style='background-color: rgb(155,155,155)'>0.063944</span></td><td><span style='background-color: rgb(205,205,205)'>0.060677</span></td><td><span style='background-color: rgb(180,180,180)'>0.061087</span></td></tr><tr><td> topic5</td><td><span style='background-color: rgb(55,55,55)'>0.077756</span></td><td><span style='background-color: rgb(105,105,105)'>0.073622</span></td><td><span style='background-color: rgb(30,30,30)'>0.078013</span></td><td><span style='background-color: rgb(80,80,80)'>0.074034</span></td><td><span style='background-color: rgb(230,230,230)'>0.000602</span></td><td><span style='background-color: rgb(255,255,255)'>0.000000</span></td><td><span style='background-color: rgb(130,130,130)'>0.066203</span></td><td><span style='background-color: rgb(155,155,155)'>0.064546</span></td><td><span style='background-color: rgb(205,205,205)'>0.061278</span></td><td><span style='background-color: rgb(180,180,180)'>0.061689</span></td></tr><tr><td> topic6</td><td><span style='background-color: rgb(105,105,105)'>0.011554</span></td><td><span style='background-color: rgb(155,155,155)'>0.007419</span></td><td><span style='background-color: rgb(80,80,80)'>0.011811</span></td><td><span style='background-color: rgb(130,130,130)'>0.007832</span></td><td><span style='background-color: rgb(55,55,55)'>0.065601</span></td><td><span style='background-color: rgb(30,30,30)'>0.066203</span></td><td><span style='background-color: rgb(255,255,255)'>0.000000</span></td><td><span style='background-color: rgb(230,230,230)'>0.001657</span></td><td><span style='background-color: rgb(180,180,180)'>0.004924</span></td><td><span style='background-color: rgb(205,205,205)'>0.004514</span></td></tr><tr><td> topic7</td><td><span style='background-color: rgb(105,105,105)'>0.013210</span></td><td><span style='background-color: rgb(155,155,155)'>0.009075</span></td><td><span style='background-color: rgb(80,80,80)'>0.013467</span></td><td><span style='background-color: rgb(130,130,130)'>0.009488</span></td><td><span style='background-color: rgb(55,55,55)'>0.063944</span></td><td><span style='background-color: rgb(30,30,30)'>0.064546</span></td><td><span style='background-color: rgb(230,230,230)'>0.001657</span></td><td><span style='background-color: rgb(255,255,255)'>0.000000</span></td><td><span style='background-color: rgb(180,180,180)'>0.003268</span></td><td><span style='background-color: rgb(205,205,205)'>0.002857</span></td></tr><tr><td> topic8</td><td><span style='background-color: rgb(105,105,105)'>0.016478</span></td><td><span style='background-color: rgb(155,155,155)'>0.012343</span></td><td><span style='background-color: rgb(80,80,80)'>0.016735</span></td><td><span style='background-color: rgb(130,130,130)'>0.012756</span></td><td><span style='background-color: rgb(55,55,55)'>0.060677</span></td><td><span style='background-color: rgb(30,30,30)'>0.061278</span></td><td><span style='background-color: rgb(180,180,180)'>0.004924</span></td><td><span style='background-color: rgb(205,205,205)'>0.003268</span></td><td><span style='background-color: rgb(255,255,255)'>0.000000</span></td><td><span style='background-color: rgb(230,230,230)'>0.000411</span></td></tr><tr><td> topic9</td><td><span style='background-color: rgb(105,105,105)'>0.016067</span></td><td><span style='background-color: rgb(155,155,155)'>0.011932</span></td><td><span style='background-color: rgb(80,80,80)'>0.016324</span></td><td><span style='background-color: rgb(130,130,130)'>0.012345</span></td><td><span style='background-color: rgb(55,55,55)'>0.061087</span></td><td><span style='background-color: rgb(30,30,30)'>0.061689</span></td><td><span style='background-color: rgb(180,180,180)'>0.004514</span></td><td><span style='background-color: rgb(205,205,205)'>0.002857</span></td><td><span style='background-color: rgb(230,230,230)'>0.000411</span></td><td><span style='background-color: rgb(255,255,255)'>0.000000</span></td></tr></tbody></table>