Topic  4   -34.0097639461

loss : 0.0316645803073
ct : 0.0188707547379
net : 0.0163900501993
profit : 0.0153296656188
shr : 0.0138417826835
rev : 0.0122331033983
oper : 0.0118883095489
mln : 0.0114264687961
qtr : 0.00842373810683
dlrs : 0.0075850948982


Topic  5   -54.8399773903

ct : 0.0279755379023
mln : 0.0203381998007
net : 0.020015652882
loss : 0.0161568069689
shr : 0.0147417605598
rev : 0.0105938185359
div : 0.0103127402283
profit : 0.0102798244875
dlrs : 0.010224618866
qtr : 0.0100570154275


Topic  9   -60.9458030313

stg : 0.0116363279178
money : 0.00588251502908
revise : 0.00499298315533
bp : 0.00421402299858
pct : 0.00419427847267
england : 0.00416832240281
bank : 0.00408189541318
mln : 0.00396476065033
market : 0.00358236568519
billion : 0.00342518282048


Topic  0   -79.0087313903

mark : 0.00376622342627
baker : 0.00328146651914
pct : 0.00275629809956
company : 0.00258360752227
share : 0.00257116618065
bundesbank : 0.00244907013103
rate : 0.00244724450964
bank : 0.00233766057452
offer : 0.00218290084618
dlrs : 0.00196562819154


Topic  6   -81.7629118509

pct : 0.00594781527897
billion : 0.00543232789135
tonne : 0.00528580154702
u.s. : 0.00502811321596
trade : 0.00486807588977
bank : 0.00475718956038
rise : 0.00462905846502
february : 0.00404686256479
january : 0.00402649382445
oil : 0.00393324772691


Topic  1   -94.3604879587

sumita : 0.00494570682687
share : 0.00428596838355
company : 0.00420373439994
stake : 0.00337544097685
group : 0.00303934208547
franc : 0.0029267900723
offer : 0.00251001950971
common : 0.00246402172685
security : 0.00241389950126
stock : 0.00235702119689


Topic  8   -113.023331063

feed : 0.00836317916749
stg : 0.00729730115702
customer : 0.00540378256133
reserve : 0.00525755178654
fed : 0.00524940963393
bank : 0.00496025193776
repurchase : 0.0045756051195
mln : 0.00437505439974
three-for-two : 0.00435539950352
money : 0.00399253441868


Topic  7   -125.884853937

cyclops : 0.0104817026388
dixons : 0.00665556580054
unemployment : 0.00582982817735
cyacq : 0.00374420481428
cpc : 0.00348492698472
yr : 0.00296731752183
thailand : 0.00262487089798
unknown : 0.00217191878983
mln : 0.00211873156312
ferruzzi : 0.00202976773076


Topic  3   -137.463416307

crown : 0.00491411980093
qtrly : 0.00455451312134
siemens : 0.00344739848411
ct : 0.00298737641912
debit : 0.00291627658754
cra : 0.00271284836114
hoechst : 0.00266465867569
div : 0.00261086001106
mln : 0.00248547637842
champion : 0.00245820062283


Topic  2   -153.656300412

crude : 0.00382752240637
gencorp : 0.00281218853195
bell : 0.00276500141856
oil : 0.00275436621148
foot : 0.00250543734145
bbl : 0.0023941148879
p : 0.00237922349491
barrel : 0.00236666027163
mobil : 0.00231065950219
reichhold : 0.00224447413685


