
topic List 1 is vertical and topic List 2 is horizontal
T_List1/T_List2     topic0        topic1        topic2        topic3        topic4        topic5        topic6        topic7        topic8        topic9   
    topic0    |   1.000000  |   0.005795  | #-0.002992  |   0.003514  |   -0.000552 |   -0.001043 |   0.004716  |   0.005734  |   -0.000940 |##-0.003022  
----------------------------------------------------------------------------------------------------------------------------------------------------------
    topic1    |   0.005795  |   1.000000  |   0.002079  |   0.007923  |   0.000117  |##-0.001926  |   0.004837  | #-0.000136  |   0.002511  |   0.005764  
----------------------------------------------------------------------------------------------------------------------------------------------------------
    topic2    | #-0.002992  |   0.002079  |   1.000000  |   -0.002991 |   0.001562  |   0.007409  |   0.003071  |   -0.001261 |   0.001773  |##-0.005160  
----------------------------------------------------------------------------------------------------------------------------------------------------------
    topic3    |   0.003514  |   0.007923  |   -0.002991 |   1.000000  |   -0.003595 |   -0.004743 | #-0.004777  |   0.003552  |   -0.003860 |##-0.006194  
----------------------------------------------------------------------------------------------------------------------------------------------------------
    topic4    |   -0.000552 |   0.000117  |   0.001562  | #-0.003595  |   1.000000  |   0.005550  |   0.000285  |   0.001101  |##-0.004580  |   0.001680  
----------------------------------------------------------------------------------------------------------------------------------------------------------
    topic5    |   -0.001043 |   -0.001926 |   0.007409  |##-0.004743  |   0.005550  |   1.000000  |   -0.000934 | #-0.003653  |   -0.001113 |   -0.000297 
----------------------------------------------------------------------------------------------------------------------------------------------------------
    topic6    |   0.004716  |   0.004837  |   0.003071  |##-0.004777  |   0.000285  |   -0.000934 |   1.000000  | #-0.001319  |   -0.000045 |   0.005617  
----------------------------------------------------------------------------------------------------------------------------------------------------------
    topic7    |   0.005734  |   -0.000136 |   -0.001261 |   0.003552  |   0.001101  |##-0.003653  | #-0.001319  |   1.000000  |   0.003526  |   0.001716  
----------------------------------------------------------------------------------------------------------------------------------------------------------
    topic8    |   -0.000940 |   0.002511  |   0.001773  |   -0.003860 | #-0.004580  |   -0.001113 |   -0.000045 |   0.003526  |   1.000000  |##-0.006606  
----------------------------------------------------------------------------------------------------------------------------------------------------------
    topic9    |   -0.003022 |   0.005764  |   -0.005160 | #-0.006194  |   0.001680  |   -0.000297 |   0.005617  |   0.001716  |##-0.006606  |   1.000000  
----------------------------------------------------------------------------------------------------------------------------------------------------------
