
Topic List 1 is vertical and Topic List 2 is horizontal
<style>table, th, td {border: 1px solid black;}</style><table><thead><tr><th></th><th> Topic0</th><th> Topic1</th><th> Topic2</th><th> Topic3</th><th> Topic4</th><th> Topic5</th><th> Topic6</th><th> Topic7</th><th> Topic8</th><th> Topic9</th></tr></thead><tbody><tr><td> Topic0</td><td><span style='background-color: rgb(255,255,255)'>-0.000000</span></td><td><span style='background-color: rgb(155,155,155)'>0.617182</span></td><td><span style='background-color: rgb(180,180,180)'>0.567755</span></td><td><span style='background-color: rgb(105,105,105)'>0.738679</span></td><td><span style='background-color: rgb(30,30,30)'>0.889860</span></td><td><span style='background-color: rgb(80,80,80)'>0.752347</span></td><td><span style='background-color: rgb(230,230,230)'>0.372069</span></td><td><span style='background-color: rgb(130,130,130)'>0.672893</span></td><td><span style='background-color: rgb(55,55,55)'>0.872666</span></td><td><span style='background-color: rgb(205,205,205)'>0.397636</span></td></tr><tr><td> Topic1</td><td><span style='background-color: rgb(155,155,155)'>0.617182</span></td><td><span style='background-color: rgb(255,255,255)'>0.000000</span></td><td><span style='background-color: rgb(130,130,130)'>0.622131</span></td><td><span style='background-color: rgb(230,230,230)'>0.307161</span></td><td><span style='background-color: rgb(30,30,30)'>0.807247</span></td><td><span style='background-color: rgb(180,180,180)'>0.557750</span></td><td><span style='background-color: rgb(205,205,205)'>0.434515</span></td><td><span style='background-color: rgb(105,105,105)'>0.703742</span></td><td><span style='background-color: rgb(80,80,80)'>0.744889</span></td><td><span style='background-color: rgb(55,55,55)'>0.765666</span></td></tr><tr><td> Topic2</td><td><span style='background-color: rgb(130,130,130)'>0.567755</span></td><td><span style='background-color: rgb(105,105,105)'>0.622131</span></td><td><span style='background-color: rgb(255,255,255)'>0.000000</span></td><td><span style='background-color: rgb(30,30,30)'>0.785286</span></td><td><span style='background-color: rgb(80,80,80)'>0.630794</span></td><td><span style='background-color: rgb(230,230,230)'>0.406271</span></td><td><span style='background-color: rgb(155,155,155)'>0.521757</span></td><td><span style='background-color: rgb(205,205,205)'>0.407073</span></td><td><span style='background-color: rgb(180,180,180)'>0.500493</span></td><td><span style='background-color: rgb(55,55,55)'>0.760121</span></td></tr><tr><td> Topic3</td><td><span style='background-color: rgb(155,155,155)'>0.738679</span></td><td><span style='background-color: rgb(230,230,230)'>0.307161</span></td><td><span style='background-color: rgb(105,105,105)'>0.785286</span></td><td><span style='background-color: rgb(255,255,255)'>-0.000000</span></td><td><span style='background-color: rgb(80,80,80)'>0.788680</span></td><td><span style='background-color: rgb(180,180,180)'>0.624080</span></td><td><span style='background-color: rgb(205,205,205)'>0.417799</span></td><td><span style='background-color: rgb(30,30,30)'>0.851437</span></td><td><span style='background-color: rgb(55,55,55)'>0.822805</span></td><td><span style='background-color: rgb(130,130,130)'>0.781898</span></td></tr><tr><td> Topic4</td><td><span style='background-color: rgb(55,55,55)'>0.889860</span></td><td><span style='background-color: rgb(80,80,80)'>0.807247</span></td><td><span style='background-color: rgb(180,180,180)'>0.630794</span></td><td><span style='background-color: rgb(105,105,105)'>0.788680</span></td><td><span style='background-color: rgb(255,255,255)'>0.000000</span></td><td><span style='background-color: rgb(230,230,230)'>0.567439</span></td><td><span style='background-color: rgb(130,130,130)'>0.788490</span></td><td><span style='background-color: rgb(155,155,155)'>0.698159</span></td><td><span style='background-color: rgb(205,205,205)'>0.611572</span></td><td><span style='background-color: rgb(30,30,30)'>0.931941</span></td></tr><tr><td> Topic5</td><td><span style='background-color: rgb(55,55,55)'>0.752347</span></td><td><span style='background-color: rgb(155,155,155)'>0.557750</span></td><td><span style='background-color: rgb(230,230,230)'>0.406271</span></td><td><span style='background-color: rgb(80,80,80)'>0.624080</span></td><td><span style='background-color: rgb(130,130,130)'>0.567439</span></td><td><span style='background-color: rgb(255,255,255)'>0.000000</span></td><td><span style='background-color: rgb(105,105,105)'>0.586667</span></td><td><span style='background-color: rgb(180,180,180)'>0.555690</span></td><td><span style='background-color: rgb(205,205,205)'>0.499542</span></td><td><span style='background-color: rgb(30,30,30)'>0.880113</span></td></tr><tr><td> Topic6</td><td><span style='background-color: rgb(230,230,230)'>0.372069</span></td><td><span style='background-color: rgb(180,180,180)'>0.434515</span></td><td><span style='background-color: rgb(155,155,155)'>0.521757</span></td><td><span style='background-color: rgb(205,205,205)'>0.417799</span></td><td><span style='background-color: rgb(30,30,30)'>0.788490</span></td><td><span style='background-color: rgb(105,105,105)'>0.586667</span></td><td><span style='background-color: rgb(255,255,255)'>-0.000000</span></td><td><span style='background-color: rgb(55,55,55)'>0.679447</span></td><td><span style='background-color: rgb(80,80,80)'>0.645562</span></td><td><span style='background-color: rgb(130,130,130)'>0.564401</span></td></tr><tr><td> Topic7</td><td><span style='background-color: rgb(180,180,180)'>0.672893</span></td><td><span style='background-color: rgb(80,80,80)'>0.703742</span></td><td><span style='background-color: rgb(230,230,230)'>0.407073</span></td><td><span style='background-color: rgb(30,30,30)'>0.851437</span></td><td><span style='background-color: rgb(105,105,105)'>0.698159</span></td><td><span style='background-color: rgb(205,205,205)'>0.555690</span></td><td><span style='background-color: rgb(155,155,155)'>0.679447</span></td><td><span style='background-color: rgb(255,255,255)'>-0.000000</span></td><td><span style='background-color: rgb(130,130,130)'>0.692434</span></td><td><span style='background-color: rgb(55,55,55)'>0.718719</span></td></tr><tr><td> Topic8</td><td><span style='background-color: rgb(55,55,55)'>0.872666</span></td><td><span style='background-color: rgb(105,105,105)'>0.744889</span></td><td><span style='background-color: rgb(205,205,205)'>0.500493</span></td><td><span style='background-color: rgb(80,80,80)'>0.822805</span></td><td><span style='background-color: rgb(180,180,180)'>0.611572</span></td><td><span style='background-color: rgb(230,230,230)'>0.499542</span></td><td><span style='background-color: rgb(155,155,155)'>0.645562</span></td><td><span style='background-color: rgb(130,130,130)'>0.692434</span></td><td><span style='background-color: rgb(255,255,255)'>-0.000000</span></td><td><span style='background-color: rgb(30,30,30)'>0.946174</span></td></tr><tr><td> Topic9</td><td><span style='background-color: rgb(230,230,230)'>0.397636</span></td><td><span style='background-color: rgb(130,130,130)'>0.765666</span></td><td><span style='background-color: rgb(155,155,155)'>0.760121</span></td><td><span style='background-color: rgb(105,105,105)'>0.781898</span></td><td><span style='background-color: rgb(55,55,55)'>0.931941</span></td><td><span style='background-color: rgb(80,80,80)'>0.880113</span></td><td><span style='background-color: rgb(205,205,205)'>0.564401</span></td><td><span style='background-color: rgb(180,180,180)'>0.718719</span></td><td><span style='background-color: rgb(30,30,30)'>0.946174</span></td><td><span style='background-color: rgb(255,255,255)'>-0.000000</span></td></tr></tbody></table>