
topic List 1 is vertical and topic List 2 is horizontal
<style>table, th, td {border: 1px solid black;}</style><table><thead><tr><th></th><th> topic0</th><th> topic1</th><th> topic2</th><th> topic3</th><th> topic4</th><th> topic5</th><th> topic6</th><th> topic7</th><th> topic8</th><th> topic9</th></tr></thead><tbody><tr><td> topic0</td><td><span style='background-color: rgb(225,225,225)'>1.000000</span></td><td><span style='background-color: rgb(125,125,125)'>0.273885</span></td><td><span style='background-color: rgb(175,175,175)'>0.288660</span></td><td><span style='background-color: rgb(100,100,100)'>0.264223</span></td><td><span style='background-color: rgb(0,0,0)'>0.162791</span></td><td><span style='background-color: rgb(75,75,75)'>0.248439</span></td><td><span style='background-color: rgb(150,150,150)'>0.278772</span></td><td><span style='background-color: rgb(25,25,25)'>0.189061</span></td><td><span style='background-color: rgb(50,50,50)'>0.212121</span></td><td><span style='background-color: rgb(200,200,200)'>0.297017</span></td></tr><tr><td> topic1</td><td><span style='background-color: rgb(150,150,150)'>0.273885</span></td><td><span style='background-color: rgb(225,225,225)'>1.000000</span></td><td><span style='background-color: rgb(100,100,100)'>0.261034</span></td><td><span style='background-color: rgb(200,200,200)'>0.314060</span></td><td><span style='background-color: rgb(75,75,75)'>0.212121</span></td><td><span style='background-color: rgb(175,175,175)'>0.303781</span></td><td><span style='background-color: rgb(150,150,150)'>0.273885</span></td><td><span style='background-color: rgb(0,0,0)'>0.193317</span></td><td><span style='background-color: rgb(50,50,50)'>0.210654</span></td><td><span style='background-color: rgb(25,25,25)'>0.209190</span></td></tr><tr><td> topic2</td><td><span style='background-color: rgb(125,125,125)'>0.288660</span></td><td><span style='background-color: rgb(50,50,50)'>0.261034</span></td><td><span style='background-color: rgb(225,225,225)'>1.000000</span></td><td><span style='background-color: rgb(25,25,25)'>0.210654</span></td><td><span style='background-color: rgb(125,125,125)'>0.288660</span></td><td><span style='background-color: rgb(175,175,175)'>0.396648</span></td><td><span style='background-color: rgb(75,75,75)'>0.280410</span></td><td><span style='background-color: rgb(150,150,150)'>0.321004</span></td><td><span style='background-color: rgb(200,200,200)'>0.404494</span></td><td><span style='background-color: rgb(0,0,0)'>0.194743</span></td></tr><tr><td> topic3</td><td><span style='background-color: rgb(125,125,125)'>0.264223</span></td><td><span style='background-color: rgb(200,200,200)'>0.314060</span></td><td><span style='background-color: rgb(50,50,50)'>0.210654</span></td><td><span style='background-color: rgb(225,225,225)'>1.000000</span></td><td><span style='background-color: rgb(100,100,100)'>0.243781</span></td><td><span style='background-color: rgb(150,150,150)'>0.265823</span></td><td><span style='background-color: rgb(175,175,175)'>0.270648</span></td><td><span style='background-color: rgb(0,0,0)'>0.162791</span></td><td><span style='background-color: rgb(25,25,25)'>0.197605</span></td><td><span style='background-color: rgb(75,75,75)'>0.228501</span></td></tr><tr><td> topic4</td><td><span style='background-color: rgb(25,25,25)'>0.162791</span></td><td><span style='background-color: rgb(75,75,75)'>0.212121</span></td><td><span style='background-color: rgb(150,150,150)'>0.288660</span></td><td><span style='background-color: rgb(125,125,125)'>0.243781</span></td><td><span style='background-color: rgb(225,225,225)'>1.000000</span></td><td><span style='background-color: rgb(175,175,175)'>0.321004</span></td><td><span style='background-color: rgb(50,50,50)'>0.200480</span></td><td><span style='background-color: rgb(100,100,100)'>0.242236</span></td><td><span style='background-color: rgb(200,200,200)'>0.324503</span></td><td><span style='background-color: rgb(0,0,0)'>0.128668</span></td></tr><tr><td> topic5</td><td><span style='background-color: rgb(50,50,50)'>0.248439</span></td><td><span style='background-color: rgb(125,125,125)'>0.303781</span></td><td><span style='background-color: rgb(200,200,200)'>0.396648</span></td><td><span style='background-color: rgb(75,75,75)'>0.265823</span></td><td><span style='background-color: rgb(150,150,150)'>0.321004</span></td><td><span style='background-color: rgb(225,225,225)'>1.000000</span></td><td><span style='background-color: rgb(25,25,25)'>0.246883</span></td><td><span style='background-color: rgb(100,100,100)'>0.267427</span></td><td><span style='background-color: rgb(175,175,175)'>0.351351</span></td><td><span style='background-color: rgb(0,0,0)'>0.190476</span></td></tr><tr><td> topic6</td><td><span style='background-color: rgb(175,175,175)'>0.278772</span></td><td><span style='background-color: rgb(150,150,150)'>0.273885</span></td><td><span style='background-color: rgb(200,200,200)'>0.280410</span></td><td><span style='background-color: rgb(125,125,125)'>0.270648</span></td><td><span style='background-color: rgb(25,25,25)'>0.200480</span></td><td><span style='background-color: rgb(75,75,75)'>0.246883</span></td><td><span style='background-color: rgb(225,225,225)'>1.000000</span></td><td><span style='background-color: rgb(0,0,0)'>0.184834</span></td><td><span style='background-color: rgb(100,100,100)'>0.264223</span></td><td><span style='background-color: rgb(50,50,50)'>0.230012</span></td></tr><tr><td> topic7</td><td><span style='background-color: rgb(75,75,75)'>0.189061</span></td><td><span style='background-color: rgb(100,100,100)'>0.193317</span></td><td><span style='background-color: rgb(200,200,200)'>0.321004</span></td><td><span style='background-color: rgb(25,25,25)'>0.162791</span></td><td><span style='background-color: rgb(125,125,125)'>0.242236</span></td><td><span style='background-color: rgb(175,175,175)'>0.267427</span></td><td><span style='background-color: rgb(50,50,50)'>0.184834</span></td><td><span style='background-color: rgb(225,225,225)'>1.000000</span></td><td><span style='background-color: rgb(150,150,150)'>0.253133</span></td><td><span style='background-color: rgb(0,0,0)'>0.157407</span></td></tr><tr><td> topic8</td><td><span style='background-color: rgb(75,75,75)'>0.212121</span></td><td><span style='background-color: rgb(50,50,50)'>0.210654</span></td><td><span style='background-color: rgb(200,200,200)'>0.404494</span></td><td><span style='background-color: rgb(25,25,25)'>0.197605</span></td><td><span style='background-color: rgb(150,150,150)'>0.324503</span></td><td><span style='background-color: rgb(175,175,175)'>0.351351</span></td><td><span style='background-color: rgb(125,125,125)'>0.264223</span></td><td><span style='background-color: rgb(100,100,100)'>0.253133</span></td><td><span style='background-color: rgb(225,225,225)'>1.000000</span></td><td><span style='background-color: rgb(0,0,0)'>0.164144</span></td></tr><tr><td> topic9</td><td><span style='background-color: rgb(200,200,200)'>0.297017</span></td><td><span style='background-color: rgb(125,125,125)'>0.209190</span></td><td><span style='background-color: rgb(100,100,100)'>0.194743</span></td><td><span style='background-color: rgb(150,150,150)'>0.228501</span></td><td><span style='background-color: rgb(0,0,0)'>0.128668</span></td><td><span style='background-color: rgb(75,75,75)'>0.190476</span></td><td><span style='background-color: rgb(175,175,175)'>0.230012</span></td><td><span style='background-color: rgb(25,25,25)'>0.157407</span></td><td><span style='background-color: rgb(50,50,50)'>0.164144</span></td><td><span style='background-color: rgb(225,225,225)'>1.000000</span></td></tr></tbody></table>