
topic List 1 is vertical and topic List 2 is horizontal
<style>table, th, td {border: 1px solid black;}</style><table><thead><tr><th></th><th> topic0</th><th> topic1</th><th> topic2</th><th> topic3</th><th> topic4</th><th> topic5</th><th> topic6</th><th> topic7</th><th> topic8</th><th> topic9</th></tr></thead><tbody><tr><td> topic0</td><td><span style='background-color: rgb(225,225,225)'>1.000000</span></td><td><span style='background-color: rgb(200,200,200)'>0.005795</span></td><td><span style='background-color: rgb(25,25,25)'>-0.002992</span></td><td><span style='background-color: rgb(125,125,125)'>0.003514</span></td><td><span style='background-color: rgb(100,100,100)'>-0.000552</span></td><td><span style='background-color: rgb(50,50,50)'>-0.001043</span></td><td><span style='background-color: rgb(150,150,150)'>0.004716</span></td><td><span style='background-color: rgb(175,175,175)'>0.005734</span></td><td><span style='background-color: rgb(75,75,75)'>-0.000940</span></td><td><span style='background-color: rgb(0,0,0)'>-0.003022</span></td></tr><tr><td> topic1</td><td><span style='background-color: rgb(175,175,175)'>0.005795</span></td><td><span style='background-color: rgb(225,225,225)'>1.000000</span></td><td><span style='background-color: rgb(75,75,75)'>0.002079</span></td><td><span style='background-color: rgb(200,200,200)'>0.007923</span></td><td><span style='background-color: rgb(50,50,50)'>0.000117</span></td><td><span style='background-color: rgb(0,0,0)'>-0.001926</span></td><td><span style='background-color: rgb(125,125,125)'>0.004837</span></td><td><span style='background-color: rgb(25,25,25)'>-0.000136</span></td><td><span style='background-color: rgb(100,100,100)'>0.002511</span></td><td><span style='background-color: rgb(150,150,150)'>0.005764</span></td></tr><tr><td> topic2</td><td><span style='background-color: rgb(25,25,25)'>-0.002992</span></td><td><span style='background-color: rgb(150,150,150)'>0.002079</span></td><td><span style='background-color: rgb(225,225,225)'>1.000000</span></td><td><span style='background-color: rgb(50,50,50)'>-0.002991</span></td><td><span style='background-color: rgb(100,100,100)'>0.001562</span></td><td><span style='background-color: rgb(200,200,200)'>0.007409</span></td><td><span style='background-color: rgb(175,175,175)'>0.003071</span></td><td><span style='background-color: rgb(75,75,75)'>-0.001261</span></td><td><span style='background-color: rgb(125,125,125)'>0.001773</span></td><td><span style='background-color: rgb(0,0,0)'>-0.005160</span></td></tr><tr><td> topic3</td><td><span style='background-color: rgb(150,150,150)'>0.003514</span></td><td><span style='background-color: rgb(200,200,200)'>0.007923</span></td><td><span style='background-color: rgb(125,125,125)'>-0.002991</span></td><td><span style='background-color: rgb(225,225,225)'>1.000000</span></td><td><span style='background-color: rgb(100,100,100)'>-0.003595</span></td><td><span style='background-color: rgb(50,50,50)'>-0.004743</span></td><td><span style='background-color: rgb(25,25,25)'>-0.004777</span></td><td><span style='background-color: rgb(175,175,175)'>0.003552</span></td><td><span style='background-color: rgb(75,75,75)'>-0.003860</span></td><td><span style='background-color: rgb(0,0,0)'>-0.006194</span></td></tr><tr><td> topic4</td><td><span style='background-color: rgb(50,50,50)'>-0.000552</span></td><td><span style='background-color: rgb(75,75,75)'>0.000117</span></td><td><span style='background-color: rgb(150,150,150)'>0.001562</span></td><td><span style='background-color: rgb(25,25,25)'>-0.003595</span></td><td><span style='background-color: rgb(225,225,225)'>1.000000</span></td><td><span style='background-color: rgb(200,200,200)'>0.005550</span></td><td><span style='background-color: rgb(100,100,100)'>0.000285</span></td><td><span style='background-color: rgb(125,125,125)'>0.001101</span></td><td><span style='background-color: rgb(0,0,0)'>-0.004580</span></td><td><span style='background-color: rgb(175,175,175)'>0.001680</span></td></tr><tr><td> topic5</td><td><span style='background-color: rgb(100,100,100)'>-0.001043</span></td><td><span style='background-color: rgb(50,50,50)'>-0.001926</span></td><td><span style='background-color: rgb(200,200,200)'>0.007409</span></td><td><span style='background-color: rgb(0,0,0)'>-0.004743</span></td><td><span style='background-color: rgb(175,175,175)'>0.005550</span></td><td><span style='background-color: rgb(225,225,225)'>1.000000</span></td><td><span style='background-color: rgb(125,125,125)'>-0.000934</span></td><td><span style='background-color: rgb(25,25,25)'>-0.003653</span></td><td><span style='background-color: rgb(75,75,75)'>-0.001113</span></td><td><span style='background-color: rgb(150,150,150)'>-0.000297</span></td></tr><tr><td> topic6</td><td><span style='background-color: rgb(150,150,150)'>0.004716</span></td><td><span style='background-color: rgb(175,175,175)'>0.004837</span></td><td><span style='background-color: rgb(125,125,125)'>0.003071</span></td><td><span style='background-color: rgb(0,0,0)'>-0.004777</span></td><td><span style='background-color: rgb(100,100,100)'>0.000285</span></td><td><span style='background-color: rgb(50,50,50)'>-0.000934</span></td><td><span style='background-color: rgb(225,225,225)'>1.000000</span></td><td><span style='background-color: rgb(25,25,25)'>-0.001319</span></td><td><span style='background-color: rgb(75,75,75)'>-0.000045</span></td><td><span style='background-color: rgb(200,200,200)'>0.005617</span></td></tr><tr><td> topic7</td><td><span style='background-color: rgb(200,200,200)'>0.005734</span></td><td><span style='background-color: rgb(75,75,75)'>-0.000136</span></td><td><span style='background-color: rgb(50,50,50)'>-0.001261</span></td><td><span style='background-color: rgb(175,175,175)'>0.003552</span></td><td><span style='background-color: rgb(100,100,100)'>0.001101</span></td><td><span style='background-color: rgb(0,0,0)'>-0.003653</span></td><td><span style='background-color: rgb(25,25,25)'>-0.001319</span></td><td><span style='background-color: rgb(225,225,225)'>1.000000</span></td><td><span style='background-color: rgb(150,150,150)'>0.003526</span></td><td><span style='background-color: rgb(125,125,125)'>0.001716</span></td></tr><tr><td> topic8</td><td><span style='background-color: rgb(100,100,100)'>-0.000940</span></td><td><span style='background-color: rgb(175,175,175)'>0.002511</span></td><td><span style='background-color: rgb(150,150,150)'>0.001773</span></td><td><span style='background-color: rgb(50,50,50)'>-0.003860</span></td><td><span style='background-color: rgb(25,25,25)'>-0.004580</span></td><td><span style='background-color: rgb(75,75,75)'>-0.001113</span></td><td><span style='background-color: rgb(125,125,125)'>-0.000045</span></td><td><span style='background-color: rgb(200,200,200)'>0.003526</span></td><td><span style='background-color: rgb(225,225,225)'>1.000000</span></td><td><span style='background-color: rgb(0,0,0)'>-0.006606</span></td></tr><tr><td> topic9</td><td><span style='background-color: rgb(75,75,75)'>-0.003022</span></td><td><span style='background-color: rgb(200,200,200)'>0.005764</span></td><td><span style='background-color: rgb(50,50,50)'>-0.005160</span></td><td><span style='background-color: rgb(25,25,25)'>-0.006194</span></td><td><span style='background-color: rgb(125,125,125)'>0.001680</span></td><td><span style='background-color: rgb(100,100,100)'>-0.000297</span></td><td><span style='background-color: rgb(175,175,175)'>0.005617</span></td><td><span style='background-color: rgb(150,150,150)'>0.001716</span></td><td><span style='background-color: rgb(0,0,0)'>-0.006606</span></td><td><span style='background-color: rgb(225,225,225)'>1.000000</span></td></tr></tbody></table>