
Topic List 1 is vertical and Topic List 2 is horizontal
<style>table, th, td {border: 1px solid black;}</style><table><thead><tr><th></th><th> Topic0</th><th> Topic1</th><th> Topic2</th><th> Topic3</th><th> Topic4</th><th> Topic5</th><th> Topic6</th><th> Topic7</th><th> Topic8</th><th> Topic9</th></tr></thead><tbody><tr><td> Topic0</td><td><span style='background-color: rgb(255,255,255)'>0.000000</span></td><td><span style='background-color: rgb(180,180,180)'>0.459953</span></td><td><span style='background-color: rgb(155,155,155)'>0.462431</span></td><td><span style='background-color: rgb(130,130,130)'>0.532698</span></td><td><span style='background-color: rgb(30,30,30)'>0.769995</span></td><td><span style='background-color: rgb(105,105,105)'>0.570675</span></td><td><span style='background-color: rgb(205,205,205)'>0.348681</span></td><td><span style='background-color: rgb(80,80,80)'>0.662400</span></td><td><span style='background-color: rgb(55,55,55)'>0.696290</span></td><td><span style='background-color: rgb(230,230,230)'>0.324029</span></td></tr><tr><td> Topic1</td><td><span style='background-color: rgb(130,130,130)'>0.459953</span></td><td><span style='background-color: rgb(255,255,255)'>-0.000000</span></td><td><span style='background-color: rgb(155,155,155)'>0.456122</span></td><td><span style='background-color: rgb(230,230,230)'>0.296871</span></td><td><span style='background-color: rgb(105,105,105)'>0.545692</span></td><td><span style='background-color: rgb(180,180,180)'>0.391612</span></td><td><span style='background-color: rgb(205,205,205)'>0.356109</span></td><td><span style='background-color: rgb(55,55,55)'>0.610749</span></td><td><span style='background-color: rgb(80,80,80)'>0.560109</span></td><td><span style='background-color: rgb(30,30,30)'>0.702547</span></td></tr><tr><td> Topic2</td><td><span style='background-color: rgb(80,80,80)'>0.462431</span></td><td><span style='background-color: rgb(105,105,105)'>0.456122</span></td><td><span style='background-color: rgb(255,255,255)'>0.000000</span></td><td><span style='background-color: rgb(55,55,55)'>0.559548</span></td><td><span style='background-color: rgb(155,155,155)'>0.389348</span></td><td><span style='background-color: rgb(205,205,205)'>0.282225</span></td><td><span style='background-color: rgb(130,130,130)'>0.397890</span></td><td><span style='background-color: rgb(180,180,180)'>0.335548</span></td><td><span style='background-color: rgb(230,230,230)'>0.274528</span></td><td><span style='background-color: rgb(30,30,30)'>0.772575</span></td></tr><tr><td> Topic3</td><td><span style='background-color: rgb(130,130,130)'>0.532698</span></td><td><span style='background-color: rgb(230,230,230)'>0.296871</span></td><td><span style='background-color: rgb(105,105,105)'>0.559548</span></td><td><span style='background-color: rgb(255,255,255)'>-0.000000</span></td><td><span style='background-color: rgb(155,155,155)'>0.522750</span></td><td><span style='background-color: rgb(180,180,180)'>0.416098</span></td><td><span style='background-color: rgb(205,205,205)'>0.366931</span></td><td><span style='background-color: rgb(30,30,30)'>0.716745</span></td><td><span style='background-color: rgb(80,80,80)'>0.615662</span></td><td><span style='background-color: rgb(55,55,55)'>0.693261</span></td></tr><tr><td> Topic4</td><td><span style='background-color: rgb(55,55,55)'>0.769995</span></td><td><span style='background-color: rgb(105,105,105)'>0.545692</span></td><td><span style='background-color: rgb(180,180,180)'>0.389348</span></td><td><span style='background-color: rgb(130,130,130)'>0.522750</span></td><td><span style='background-color: rgb(255,255,255)'>-0.000000</span></td><td><span style='background-color: rgb(230,230,230)'>0.343173</span></td><td><span style='background-color: rgb(80,80,80)'>0.564213</span></td><td><span style='background-color: rgb(155,155,155)'>0.454809</span></td><td><span style='background-color: rgb(205,205,205)'>0.359260</span></td><td><span style='background-color: rgb(30,30,30)'>0.983220</span></td></tr><tr><td> Topic5</td><td><span style='background-color: rgb(55,55,55)'>0.570675</span></td><td><span style='background-color: rgb(155,155,155)'>0.391612</span></td><td><span style='background-color: rgb(230,230,230)'>0.282225</span></td><td><span style='background-color: rgb(130,130,130)'>0.416098</span></td><td><span style='background-color: rgb(180,180,180)'>0.343173</span></td><td><span style='background-color: rgb(255,255,255)'>0.000000</span></td><td><span style='background-color: rgb(80,80,80)'>0.419699</span></td><td><span style='background-color: rgb(105,105,105)'>0.419032</span></td><td><span style='background-color: rgb(205,205,205)'>0.331967</span></td><td><span style='background-color: rgb(30,30,30)'>0.848257</span></td></tr><tr><td> Topic6</td><td><span style='background-color: rgb(230,230,230)'>0.348681</span></td><td><span style='background-color: rgb(205,205,205)'>0.356109</span></td><td><span style='background-color: rgb(155,155,155)'>0.397890</span></td><td><span style='background-color: rgb(180,180,180)'>0.366931</span></td><td><span style='background-color: rgb(55,55,55)'>0.564213</span></td><td><span style='background-color: rgb(130,130,130)'>0.419699</span></td><td><span style='background-color: rgb(255,255,255)'>0.000000</span></td><td><span style='background-color: rgb(30,30,30)'>0.602562</span></td><td><span style='background-color: rgb(105,105,105)'>0.447574</span></td><td><span style='background-color: rgb(80,80,80)'>0.542065</span></td></tr><tr><td> Topic7</td><td><span style='background-color: rgb(80,80,80)'>0.662400</span></td><td><span style='background-color: rgb(105,105,105)'>0.610749</span></td><td><span style='background-color: rgb(230,230,230)'>0.335548</span></td><td><span style='background-color: rgb(55,55,55)'>0.716745</span></td><td><span style='background-color: rgb(180,180,180)'>0.454809</span></td><td><span style='background-color: rgb(205,205,205)'>0.419032</span></td><td><span style='background-color: rgb(130,130,130)'>0.602562</span></td><td><span style='background-color: rgb(255,255,255)'>0.000000</span></td><td><span style='background-color: rgb(155,155,155)'>0.492430</span></td><td><span style='background-color: rgb(30,30,30)'>0.883853</span></td></tr><tr><td> Topic8</td><td><span style='background-color: rgb(55,55,55)'>0.696290</span></td><td><span style='background-color: rgb(105,105,105)'>0.560109</span></td><td><span style='background-color: rgb(230,230,230)'>0.274528</span></td><td><span style='background-color: rgb(80,80,80)'>0.615662</span></td><td><span style='background-color: rgb(180,180,180)'>0.359260</span></td><td><span style='background-color: rgb(205,205,205)'>0.331967</span></td><td><span style='background-color: rgb(155,155,155)'>0.447574</span></td><td><span style='background-color: rgb(130,130,130)'>0.492430</span></td><td><span style='background-color: rgb(255,255,255)'>-0.000000</span></td><td><span style='background-color: rgb(30,30,30)'>0.983772</span></td></tr><tr><td> Topic9</td><td><span style='background-color: rgb(230,230,230)'>0.324029</span></td><td><span style='background-color: rgb(155,155,155)'>0.702547</span></td><td><span style='background-color: rgb(130,130,130)'>0.772575</span></td><td><span style='background-color: rgb(180,180,180)'>0.693261</span></td><td><span style='background-color: rgb(55,55,55)'>0.983220</span></td><td><span style='background-color: rgb(105,105,105)'>0.848257</span></td><td><span style='background-color: rgb(205,205,205)'>0.542065</span></td><td><span style='background-color: rgb(80,80,80)'>0.883853</span></td><td><span style='background-color: rgb(30,30,30)'>0.983772</span></td><td><span style='background-color: rgb(255,255,255)'>-0.000000</span></td></tr></tbody></table>