
Topic List 1 is vertical and Topic List 2 is horizontal
T_List1/T_List2     Topic0        Topic1        Topic2        Topic3        Topic4        Topic5        Topic6        Topic7        Topic8        Topic9   
    Topic0    |   0.000000  |   0.459953  |   0.462431  |   0.532698  |   0.769995  |   0.570675  |   0.348681  |   0.662400  |   0.696290  | #0.324029   
----------------------------------------------------------------------------------------------------------------------------------------------------------
    Topic1    |   0.459953  |   -0.000000 |   0.456122  | #0.296871   |   0.545692  |   0.391612  |   0.356109  |   0.610749  |   0.560109  |   0.702547  
----------------------------------------------------------------------------------------------------------------------------------------------------------
    Topic2    |   0.462431  |   0.456122  |   0.000000  |   0.559548  |   0.389348  |   0.282225  |   0.397890  |   0.335548  | #0.274528   |   0.772575  
----------------------------------------------------------------------------------------------------------------------------------------------------------
    Topic3    |   0.532698  | #0.296871   |   0.559548  |   -0.000000 |   0.522750  |   0.416098  |   0.366931  |   0.716745  |   0.615662  |   0.693261  
----------------------------------------------------------------------------------------------------------------------------------------------------------
    Topic4    |   0.769995  |   0.545692  |   0.389348  |   0.522750  |   -0.000000 | #0.343173   |   0.564213  |   0.454809  |   0.359260  |   0.983220  
----------------------------------------------------------------------------------------------------------------------------------------------------------
    Topic5    |   0.570675  |   0.391612  | #0.282225   |   0.416098  |   0.343173  |   0.000000  |   0.419699  |   0.419032  |   0.331967  |   0.848257  
----------------------------------------------------------------------------------------------------------------------------------------------------------
    Topic6    | #0.348681   |   0.356109  |   0.397890  |   0.366931  |   0.564213  |   0.419699  |   0.000000  |   0.602562  |   0.447574  |   0.542065  
----------------------------------------------------------------------------------------------------------------------------------------------------------
    Topic7    |   0.662400  |   0.610749  | #0.335548   |   0.716745  |   0.454809  |   0.419032  |   0.602562  |   0.000000  |   0.492430  |   0.883853  
----------------------------------------------------------------------------------------------------------------------------------------------------------
    Topic8    |   0.696290  |   0.560109  | #0.274528   |   0.615662  |   0.359260  |   0.331967  |   0.447574  |   0.492430  |   -0.000000 |   0.983772  
----------------------------------------------------------------------------------------------------------------------------------------------------------
    Topic9    | #0.324029   |   0.702547  |   0.772575  |   0.693261  |   0.983220  |   0.848257  |   0.542065  |   0.883853  |   0.983772  |   -0.000000 
----------------------------------------------------------------------------------------------------------------------------------------------------------
