
Topic List 1 is vertical and Topic List 2 is horizontal
<style>table, th, td {border: 1px solid black;}</style><table><thead><tr><th></th><th> Topic0</th><th> Topic1</th><th> Topic2</th><th> Topic3</th><th> Topic4</th><th> Topic5</th><th> Topic6</th><th> Topic7</th><th> Topic8</th><th> Topic9</th></tr></thead><tbody><tr><td> Topic0</td><td><span style='background-color: rgb(255,255,255)'>0.000000</span></td><td><span style='background-color: rgb(180,180,180)'>1.892979</span></td><td><span style='background-color: rgb(155,155,155)'>1.923641</span></td><td><span style='background-color: rgb(130,130,130)'>2.177542</span></td><td><span style='background-color: rgb(30,30,30)'>2.986464</span></td><td><span style='background-color: rgb(105,105,105)'>2.311048</span></td><td><span style='background-color: rgb(205,205,205)'>1.477873</span></td><td><span style='background-color: rgb(55,55,55)'>2.733981</span></td><td><span style='background-color: rgb(80,80,80)'>2.732065</span></td><td><span style='background-color: rgb(230,230,230)'>1.355904</span></td></tr><tr><td> Topic1</td><td><span style='background-color: rgb(130,130,130)'>1.892979</span></td><td><span style='background-color: rgb(255,255,255)'>0.000000</span></td><td><span style='background-color: rgb(155,155,155)'>1.873429</span></td><td><span style='background-color: rgb(230,230,230)'>1.325004</span></td><td><span style='background-color: rgb(105,105,105)'>2.233635</span></td><td><span style='background-color: rgb(180,180,180)'>1.659296</span></td><td><span style='background-color: rgb(205,205,205)'>1.538524</span></td><td><span style='background-color: rgb(55,55,55)'>2.525180</span></td><td><span style='background-color: rgb(80,80,80)'>2.294001</span></td><td><span style='background-color: rgb(30,30,30)'>2.801856</span></td></tr><tr><td> Topic2</td><td><span style='background-color: rgb(80,80,80)'>1.923641</span></td><td><span style='background-color: rgb(105,105,105)'>1.873429</span></td><td><span style='background-color: rgb(255,255,255)'>0.000000</span></td><td><span style='background-color: rgb(55,55,55)'>2.232980</span></td><td><span style='background-color: rgb(155,155,155)'>1.623438</span></td><td><span style='background-color: rgb(205,205,205)'>1.216066</span></td><td><span style='background-color: rgb(130,130,130)'>1.673181</span></td><td><span style='background-color: rgb(180,180,180)'>1.473264</span></td><td><span style='background-color: rgb(230,230,230)'>1.181078</span></td><td><span style='background-color: rgb(30,30,30)'>3.168027</span></td></tr><tr><td> Topic3</td><td><span style='background-color: rgb(130,130,130)'>2.177542</span></td><td><span style='background-color: rgb(230,230,230)'>1.325004</span></td><td><span style='background-color: rgb(105,105,105)'>2.232980</span></td><td><span style='background-color: rgb(255,255,255)'>0.000000</span></td><td><span style='background-color: rgb(155,155,155)'>2.158321</span></td><td><span style='background-color: rgb(180,180,180)'>1.718975</span></td><td><span style='background-color: rgb(205,205,205)'>1.576157</span></td><td><span style='background-color: rgb(30,30,30)'>2.848701</span></td><td><span style='background-color: rgb(80,80,80)'>2.483393</span></td><td><span style='background-color: rgb(55,55,55)'>2.787994</span></td></tr><tr><td> Topic4</td><td><span style='background-color: rgb(55,55,55)'>2.986464</span></td><td><span style='background-color: rgb(105,105,105)'>2.233635</span></td><td><span style='background-color: rgb(180,180,180)'>1.623438</span></td><td><span style='background-color: rgb(130,130,130)'>2.158321</span></td><td><span style='background-color: rgb(255,255,255)'>0.000000</span></td><td><span style='background-color: rgb(230,230,230)'>1.470015</span></td><td><span style='background-color: rgb(80,80,80)'>2.283225</span></td><td><span style='background-color: rgb(155,155,155)'>1.842164</span></td><td><span style='background-color: rgb(205,205,205)'>1.527749</span></td><td><span style='background-color: rgb(30,30,30)'>3.686636</span></td></tr><tr><td> Topic5</td><td><span style='background-color: rgb(55,55,55)'>2.311048</span></td><td><span style='background-color: rgb(155,155,155)'>1.659296</span></td><td><span style='background-color: rgb(230,230,230)'>1.216066</span></td><td><span style='background-color: rgb(130,130,130)'>1.718975</span></td><td><span style='background-color: rgb(180,180,180)'>1.470015</span></td><td><span style='background-color: rgb(255,255,255)'>0.000000</span></td><td><span style='background-color: rgb(80,80,80)'>1.747799</span></td><td><span style='background-color: rgb(105,105,105)'>1.746229</span></td><td><span style='background-color: rgb(205,205,205)'>1.451159</span></td><td><span style='background-color: rgb(30,30,30)'>3.382760</span></td></tr><tr><td> Topic6</td><td><span style='background-color: rgb(230,230,230)'>1.477873</span></td><td><span style='background-color: rgb(205,205,205)'>1.538524</span></td><td><span style='background-color: rgb(155,155,155)'>1.673181</span></td><td><span style='background-color: rgb(180,180,180)'>1.576157</span></td><td><span style='background-color: rgb(55,55,55)'>2.283225</span></td><td><span style='background-color: rgb(130,130,130)'>1.747799</span></td><td><span style='background-color: rgb(255,255,255)'>0.000000</span></td><td><span style='background-color: rgb(30,30,30)'>2.451611</span></td><td><span style='background-color: rgb(105,105,105)'>1.866441</span></td><td><span style='background-color: rgb(80,80,80)'>2.139651</span></td></tr><tr><td> Topic7</td><td><span style='background-color: rgb(80,80,80)'>2.733981</span></td><td><span style='background-color: rgb(105,105,105)'>2.525180</span></td><td><span style='background-color: rgb(230,230,230)'>1.473264</span></td><td><span style='background-color: rgb(55,55,55)'>2.848701</span></td><td><span style='background-color: rgb(180,180,180)'>1.842164</span></td><td><span style='background-color: rgb(205,205,205)'>1.746229</span></td><td><span style='background-color: rgb(130,130,130)'>2.451611</span></td><td><span style='background-color: rgb(255,255,255)'>0.000000</span></td><td><span style='background-color: rgb(155,155,155)'>2.028533</span></td><td><span style='background-color: rgb(30,30,30)'>3.703162</span></td></tr><tr><td> Topic8</td><td><span style='background-color: rgb(55,55,55)'>2.732065</span></td><td><span style='background-color: rgb(105,105,105)'>2.294001</span></td><td><span style='background-color: rgb(230,230,230)'>1.181078</span></td><td><span style='background-color: rgb(80,80,80)'>2.483393</span></td><td><span style='background-color: rgb(180,180,180)'>1.527749</span></td><td><span style='background-color: rgb(205,205,205)'>1.451159</span></td><td><span style='background-color: rgb(155,155,155)'>1.866441</span></td><td><span style='background-color: rgb(130,130,130)'>2.028533</span></td><td><span style='background-color: rgb(255,255,255)'>0.000000</span></td><td><span style='background-color: rgb(30,30,30)'>3.868843</span></td></tr><tr><td> Topic9</td><td><span style='background-color: rgb(230,230,230)'>1.355904</span></td><td><span style='background-color: rgb(155,155,155)'>2.801856</span></td><td><span style='background-color: rgb(130,130,130)'>3.168027</span></td><td><span style='background-color: rgb(180,180,180)'>2.787994</span></td><td><span style='background-color: rgb(80,80,80)'>3.686636</span></td><td><span style='background-color: rgb(105,105,105)'>3.382760</span></td><td><span style='background-color: rgb(205,205,205)'>2.139651</span></td><td><span style='background-color: rgb(55,55,55)'>3.703162</span></td><td><span style='background-color: rgb(30,30,30)'>3.868843</span></td><td><span style='background-color: rgb(255,255,255)'>0.000000</span></td></tr></tbody></table>