
topic List 1 is vertical and topic List 2 is horizontal
<style>table, th, td {border: 1px solid black;}</style><table><thead><tr><th></th><th> topic0</th><th> topic1</th><th> topic2</th><th> topic3</th><th> topic4</th><th> topic5</th><th> topic6</th><th> topic7</th><th> topic8</th><th> topic9</th></tr></thead><tbody><tr><td> topic0</td><td><span style='background-color: rgb(255,255,255)'>0.000000</span></td><td><span style='background-color: rgb(180,180,180)'>0.120415</span></td><td><span style='background-color: rgb(155,155,155)'>0.137618</span></td><td><span style='background-color: rgb(130,130,130)'>0.143955</span></td><td><span style='background-color: rgb(80,80,80)'>0.144848</span></td><td><span style='background-color: rgb(30,30,30)'>0.188210</span></td><td><span style='background-color: rgb(55,55,55)'>0.157398</span></td><td><span style='background-color: rgb(205,205,205)'>0.120297</span></td><td><span style='background-color: rgb(105,105,105)'>0.144309</span></td><td><span style='background-color: rgb(230,230,230)'>0.078044</span></td></tr><tr><td> topic1</td><td><span style='background-color: rgb(55,55,55)'>0.120415</span></td><td><span style='background-color: rgb(255,255,255)'>0.000000</span></td><td><span style='background-color: rgb(205,205,205)'>0.017202</span></td><td><span style='background-color: rgb(180,180,180)'>0.023540</span></td><td><span style='background-color: rgb(130,130,130)'>0.024432</span></td><td><span style='background-color: rgb(80,80,80)'>0.067794</span></td><td><span style='background-color: rgb(105,105,105)'>0.036982</span></td><td><span style='background-color: rgb(230,230,230)'>0.000119</span></td><td><span style='background-color: rgb(155,155,155)'>0.023894</span></td><td><span style='background-color: rgb(30,30,30)'>0.198460</span></td></tr><tr><td> topic2</td><td><span style='background-color: rgb(55,55,55)'>0.137618</span></td><td><span style='background-color: rgb(155,155,155)'>0.017202</span></td><td><span style='background-color: rgb(255,255,255)'>0.000000</span></td><td><span style='background-color: rgb(230,230,230)'>0.006337</span></td><td><span style='background-color: rgb(180,180,180)'>0.007230</span></td><td><span style='background-color: rgb(80,80,80)'>0.050592</span></td><td><span style='background-color: rgb(105,105,105)'>0.019780</span></td><td><span style='background-color: rgb(130,130,130)'>0.017321</span></td><td><span style='background-color: rgb(205,205,205)'>0.006692</span></td><td><span style='background-color: rgb(30,30,30)'>0.215662</span></td></tr><tr><td> topic3</td><td><span style='background-color: rgb(55,55,55)'>0.143955</span></td><td><span style='background-color: rgb(130,130,130)'>0.023540</span></td><td><span style='background-color: rgb(180,180,180)'>0.006337</span></td><td><span style='background-color: rgb(255,255,255)'>0.000000</span></td><td><span style='background-color: rgb(205,205,205)'>0.000893</span></td><td><span style='background-color: rgb(80,80,80)'>0.044255</span></td><td><span style='background-color: rgb(155,155,155)'>0.013443</span></td><td><span style='background-color: rgb(105,105,105)'>0.023658</span></td><td><span style='background-color: rgb(230,230,230)'>0.000354</span></td><td><span style='background-color: rgb(30,30,30)'>0.221999</span></td></tr><tr><td> topic4</td><td><span style='background-color: rgb(55,55,55)'>0.144848</span></td><td><span style='background-color: rgb(130,130,130)'>0.024432</span></td><td><span style='background-color: rgb(180,180,180)'>0.007230</span></td><td><span style='background-color: rgb(205,205,205)'>0.000893</span></td><td><span style='background-color: rgb(255,255,255)'>0.000000</span></td><td><span style='background-color: rgb(80,80,80)'>0.043362</span></td><td><span style='background-color: rgb(155,155,155)'>0.012550</span></td><td><span style='background-color: rgb(105,105,105)'>0.024551</span></td><td><span style='background-color: rgb(230,230,230)'>0.000538</span></td><td><span style='background-color: rgb(30,30,30)'>0.222892</span></td></tr><tr><td> topic5</td><td><span style='background-color: rgb(55,55,55)'>0.188210</span></td><td><span style='background-color: rgb(105,105,105)'>0.067794</span></td><td><span style='background-color: rgb(130,130,130)'>0.050592</span></td><td><span style='background-color: rgb(155,155,155)'>0.044255</span></td><td><span style='background-color: rgb(205,205,205)'>0.043362</span></td><td><span style='background-color: rgb(255,255,255)'>0.000000</span></td><td><span style='background-color: rgb(230,230,230)'>0.030812</span></td><td><span style='background-color: rgb(80,80,80)'>0.067913</span></td><td><span style='background-color: rgb(180,180,180)'>0.043900</span></td><td><span style='background-color: rgb(30,30,30)'>0.266254</span></td></tr><tr><td> topic6</td><td><span style='background-color: rgb(55,55,55)'>0.157398</span></td><td><span style='background-color: rgb(105,105,105)'>0.036982</span></td><td><span style='background-color: rgb(155,155,155)'>0.019780</span></td><td><span style='background-color: rgb(180,180,180)'>0.013443</span></td><td><span style='background-color: rgb(230,230,230)'>0.012550</span></td><td><span style='background-color: rgb(130,130,130)'>0.030812</span></td><td><span style='background-color: rgb(255,255,255)'>0.000000</span></td><td><span style='background-color: rgb(80,80,80)'>0.037101</span></td><td><span style='background-color: rgb(205,205,205)'>0.013088</span></td><td><span style='background-color: rgb(30,30,30)'>0.235442</span></td></tr><tr><td> topic7</td><td><span style='background-color: rgb(55,55,55)'>0.120297</span></td><td><span style='background-color: rgb(230,230,230)'>0.000119</span></td><td><span style='background-color: rgb(205,205,205)'>0.017321</span></td><td><span style='background-color: rgb(180,180,180)'>0.023658</span></td><td><span style='background-color: rgb(130,130,130)'>0.024551</span></td><td><span style='background-color: rgb(80,80,80)'>0.067913</span></td><td><span style='background-color: rgb(105,105,105)'>0.037101</span></td><td><span style='background-color: rgb(255,255,255)'>0.000000</span></td><td><span style='background-color: rgb(155,155,155)'>0.024013</span></td><td><span style='background-color: rgb(30,30,30)'>0.198341</span></td></tr><tr><td> topic8</td><td><span style='background-color: rgb(55,55,55)'>0.144309</span></td><td><span style='background-color: rgb(130,130,130)'>0.023894</span></td><td><span style='background-color: rgb(180,180,180)'>0.006692</span></td><td><span style='background-color: rgb(230,230,230)'>0.000354</span></td><td><span style='background-color: rgb(205,205,205)'>0.000538</span></td><td><span style='background-color: rgb(80,80,80)'>0.043900</span></td><td><span style='background-color: rgb(155,155,155)'>0.013088</span></td><td><span style='background-color: rgb(105,105,105)'>0.024013</span></td><td><span style='background-color: rgb(255,255,255)'>0.000000</span></td><td><span style='background-color: rgb(30,30,30)'>0.222354</span></td></tr><tr><td> topic9</td><td><span style='background-color: rgb(230,230,230)'>0.078044</span></td><td><span style='background-color: rgb(180,180,180)'>0.198460</span></td><td><span style='background-color: rgb(155,155,155)'>0.215662</span></td><td><span style='background-color: rgb(130,130,130)'>0.221999</span></td><td><span style='background-color: rgb(80,80,80)'>0.222892</span></td><td><span style='background-color: rgb(30,30,30)'>0.266254</span></td><td><span style='background-color: rgb(55,55,55)'>0.235442</span></td><td><span style='background-color: rgb(205,205,205)'>0.198341</span></td><td><span style='background-color: rgb(105,105,105)'>0.222354</span></td><td><span style='background-color: rgb(255,255,255)'>0.000000</span></td></tr></tbody></table>