
topic List 1 is vertical and topic List 2 is horizontal
T_List1/T_List2     topic0        topic1        topic2        topic3        topic4        topic5        topic6        topic7        topic8        topic9   
    topic0    |    0.000000 |    0.120415 |    0.137618 |    0.143955 |    0.144848 |  **0.188210 |    0.157398 |    0.120297 |    0.144309 |    0.078044 
----------------------------------------------------------------------------------------------------------------------------------------------------------
    topic1    |    0.120415 |    0.000000 |    0.017202 |    0.023540 |    0.024432 |    0.067794 |    0.036982 |    0.000119 |    0.023894 |  **0.198460 
----------------------------------------------------------------------------------------------------------------------------------------------------------
    topic2    |    0.137618 |    0.017202 |    0.000000 |    0.006337 |    0.007230 |    0.050592 |    0.019780 |    0.017321 |    0.006692 |  **0.215662 
----------------------------------------------------------------------------------------------------------------------------------------------------------
    topic3    |    0.143955 |    0.023540 |    0.006337 |    0.000000 |    0.000893 |    0.044255 |    0.013443 |    0.023658 |    0.000354 |  **0.221999 
----------------------------------------------------------------------------------------------------------------------------------------------------------
    topic4    |    0.144848 |    0.024432 |    0.007230 |    0.000893 |    0.000000 |    0.043362 |    0.012550 |    0.024551 |    0.000538 |  **0.222892 
----------------------------------------------------------------------------------------------------------------------------------------------------------
    topic5    |    0.188210 |    0.067794 |    0.050592 |    0.044255 |    0.043362 |    0.000000 |    0.030812 |    0.067913 |    0.043900 |  **0.266254 
----------------------------------------------------------------------------------------------------------------------------------------------------------
    topic6    |    0.157398 |    0.036982 |    0.019780 |    0.013443 |    0.012550 |    0.030812 |    0.000000 |    0.037101 |    0.013088 |  **0.235442 
----------------------------------------------------------------------------------------------------------------------------------------------------------
    topic7    |    0.120297 |    0.000119 |    0.017321 |    0.023658 |    0.024551 |    0.067913 |    0.037101 |    0.000000 |    0.024013 |  **0.198341 
----------------------------------------------------------------------------------------------------------------------------------------------------------
    topic8    |    0.144309 |    0.023894 |    0.006692 |    0.000354 |    0.000538 |    0.043900 |    0.013088 |    0.024013 |    0.000000 |  **0.222354 
----------------------------------------------------------------------------------------------------------------------------------------------------------
    topic9    |    0.078044 |    0.198460 |    0.215662 |    0.221999 |    0.222892 |  **0.266254 |    0.235442 |    0.198341 |    0.222354 |    0.000000 
----------------------------------------------------------------------------------------------------------------------------------------------------------
