
topic List 1 is vertical and topic List 2 is horizontal
T_List1/T_List2     topic0        topic1        topic2        topic3        topic4        topic5        topic6        topic7        topic8        topic9   
    topic0    |   1.000000  |   0.273885  |   0.288660  |   0.264223  |   0.162791  |   0.248439  |   0.278772  |   0.189061  |   0.212121  | **0.297017  
----------------------------------------------------------------------------------------------------------------------------------------------------------
    topic1    |   0.273885  |   1.000000  |   0.261034  | **0.314060  |   0.212121  |   0.303781  |   0.273885  |   0.193317  |   0.210654  |   0.209190  
----------------------------------------------------------------------------------------------------------------------------------------------------------
    topic2    |   0.288660  |   0.261034  |   1.000000  |   0.210654  |   0.288660  |   0.396648  |   0.280410  |   0.321004  | **0.404494  |   0.194743  
----------------------------------------------------------------------------------------------------------------------------------------------------------
    topic3    |   0.264223  | **0.314060  |   0.210654  |   1.000000  |   0.243781  |   0.265823  |   0.270648  |   0.162791  |   0.197605  |   0.228501  
----------------------------------------------------------------------------------------------------------------------------------------------------------
    topic4    |   0.162791  |   0.212121  |   0.288660  |   0.243781  |   1.000000  |   0.321004  |   0.200480  |   0.242236  | **0.324503  |   0.128668  
----------------------------------------------------------------------------------------------------------------------------------------------------------
    topic5    |   0.248439  |   0.303781  | **0.396648  |   0.265823  |   0.321004  |   1.000000  |   0.246883  |   0.267427  |   0.351351  |   0.190476  
----------------------------------------------------------------------------------------------------------------------------------------------------------
    topic6    |   0.278772  |   0.273885  | **0.280410  |   0.270648  |   0.200480  |   0.246883  |   1.000000  |   0.184834  |   0.264223  |   0.230012  
----------------------------------------------------------------------------------------------------------------------------------------------------------
    topic7    |   0.189061  |   0.193317  | **0.321004  |   0.162791  |   0.242236  |   0.267427  |   0.184834  |   1.000000  |   0.253133  |   0.157407  
----------------------------------------------------------------------------------------------------------------------------------------------------------
    topic8    |   0.212121  |   0.210654  | **0.404494  |   0.197605  |   0.324503  |   0.351351  |   0.264223  |   0.253133  |   1.000000  |   0.164144  
----------------------------------------------------------------------------------------------------------------------------------------------------------
    topic9    | **0.297017  |   0.209190  |   0.194743  |   0.228501  |   0.128668  |   0.190476  |   0.230012  |   0.157407  |   0.164144  |   1.000000  
----------------------------------------------------------------------------------------------------------------------------------------------------------
