Topic  9   -51.5191285469

mln : 0.103429071847
ct : 0.0933491863359
net : 0.0635884959176
shr : 0.0425915602026
lt : 0.0367106163109
qtr : 0.0255937901769
rev : 0.025206476616
profit : 0.0215419987683
dlrs : 0.0183234084892
april : 0.0137138048188


Topic  0   -52.0407424539

dlrs : 0.082500783451
mln : 0.0700508635147
loss : 0.0508400297414
year : 0.0258348506717
net : 0.0200930265621
billion : 0.0175518898841
lt : 0.0154430706768
share : 0.0148161414247
sale : 0.0141980423656
profit : 0.0133585454982


Topic  1   -62.6587658225

share : 0.0316297204492
lt : 0.0269029255398
pct : 0.0268817052071
offer : 0.0184413239172
dlrs : 0.0164109956427
company : 0.0163986819819
group : 0.0132198815454
stake : 0.0114705402224
corp : 0.00836003080746
price : 0.00736928369534


Topic  2   -66.9451292718

billion : 0.0280857991308
pct : 0.0223114375002
year : 0.0176544821578
mln : 0.0159478709384
oil : 0.0150562748081
rise : 0.0143227958694
stg : 0.0107187885121
price : 0.0102521425207
dlrs : 0.00958192592913
market : 0.00836521674581


Topic  8   -70.0892375111

bank : 0.0279657465152
rate : 0.023811830955
pct : 0.0156586442573
dollar : 0.0134510791657
market : 0.0132709087771
currency : 0.00921212587181
u.s. : 0.00859911745669
exchange : 0.00802242679236
cut : 0.00696400103261
mark : 0.00672299580672


Topic  6   -73.6639790429

lt : 0.0169084898524
mln : 0.016306041157
profit : 0.016070292769
company : 0.0152326088884
sale : 0.0137969077181
loss : 0.012653199209
dlrs : 0.0112673129163
year : 0.00938143210632
mark : 0.00914440024059
group : 0.00896591256694


Topic  3   -75.8962329229

lt : 0.0258480014634
company : 0.0255060749351
stock : 0.0178043723224
share : 0.0133437267021
corp : 0.0123324430666
merger : 0.00874456443871
board : 0.00855902820615
shareholder : 0.00787776914621
acquisition : 0.00708114467432
agreement : 0.00701644560756


Topic  7   -88.0104536558

tonne : 0.0319961809489
mln : 0.0291619973047
pct : 0.0271480263727
year : 0.0167076857191
february : 0.0134882803519
january : 0.0125708964523
export : 0.0116368676075
rise : 0.0115238310054
production : 0.0103568271967
wheat : 0.0101855228898


Topic  5   -99.8399024181

price : 0.0117386091777
pct : 0.0108171412853
year : 0.00810583605424
gold : 0.00734832893572
coffee : 0.00648725081692
producer : 0.00625958940685
oil : 0.00608806847462
government : 0.00553037127247
mine : 0.0051924983859
market : 0.00501479900292


Topic  4   -114.895335316

u.s. : 0.0320443556884
trade : 0.0245280533723
japan : 0.0157494886642
ec : 0.00974166740223
official : 0.00863743639518
japanese : 0.00795187721353
market : 0.00718869024857
import : 0.00716151835537
cyclops : 0.0064638077312
house : 0.0063723445754


