
Topic List 1 is vertical and Topic List 2 is horizontal
<style>table, th, td {border: 1px solid black;}</style><table><thead><tr><th></th><th> Topic0</th><th> Topic1</th><th> Topic2</th><th> Topic3</th><th> Topic4</th><th> Topic5</th><th> Topic6</th><th> Topic7</th><th> Topic8</th><th> Topic9</th></tr></thead><tbody><tr><td> Topic0</td><td><span style='background-color: rgb(255,255,255)'>0.000000</span></td><td><span style='background-color: rgb(205,205,205)'>2.237577</span></td><td><span style='background-color: rgb(55,55,55)'>2.863687</span></td><td><span style='background-color: rgb(230,230,230)'>1.904827</span></td><td><span style='background-color: rgb(105,105,105)'>2.775957</span></td><td><span style='background-color: rgb(155,155,155)'>2.446968</span></td><td><span style='background-color: rgb(180,180,180)'>2.332995</span></td><td><span style='background-color: rgb(80,80,80)'>2.834163</span></td><td><span style='background-color: rgb(30,30,30)'>3.057810</span></td><td><span style='background-color: rgb(130,130,130)'>2.606385</span></td></tr><tr><td> Topic1</td><td><span style='background-color: rgb(130,130,130)'>2.237577</span></td><td><span style='background-color: rgb(255,255,255)'>0.000000</span></td><td><span style='background-color: rgb(55,55,55)'>2.451760</span></td><td><span style='background-color: rgb(230,230,230)'>1.916063</span></td><td><span style='background-color: rgb(30,30,30)'>2.550659</span></td><td><span style='background-color: rgb(205,205,205)'>1.973801</span></td><td><span style='background-color: rgb(180,180,180)'>2.154834</span></td><td><span style='background-color: rgb(80,80,80)'>2.401289</span></td><td><span style='background-color: rgb(105,105,105)'>2.374787</span></td><td><span style='background-color: rgb(155,155,155)'>2.167014</span></td></tr><tr><td> Topic2</td><td><span style='background-color: rgb(30,30,30)'>2.863687</span></td><td><span style='background-color: rgb(55,55,55)'>2.451760</span></td><td><span style='background-color: rgb(255,255,255)'>0.000000</span></td><td><span style='background-color: rgb(130,130,130)'>1.467451</span></td><td><span style='background-color: rgb(205,205,205)'>1.067240</span></td><td><span style='background-color: rgb(105,105,105)'>1.706673</span></td><td><span style='background-color: rgb(180,180,180)'>1.212474</span></td><td><span style='background-color: rgb(230,230,230)'>1.024095</span></td><td><span style='background-color: rgb(80,80,80)'>1.714996</span></td><td><span style='background-color: rgb(155,155,155)'>1.370035</span></td></tr><tr><td> Topic3</td><td><span style='background-color: rgb(55,55,55)'>1.904827</span></td><td><span style='background-color: rgb(30,30,30)'>1.916063</span></td><td><span style='background-color: rgb(130,130,130)'>1.467451</span></td><td><span style='background-color: rgb(255,255,255)'>0.000000</span></td><td><span style='background-color: rgb(105,105,105)'>1.563184</span></td><td><span style='background-color: rgb(230,230,230)'>1.145812</span></td><td><span style='background-color: rgb(205,205,205)'>1.232463</span></td><td><span style='background-color: rgb(155,155,155)'>1.453104</span></td><td><span style='background-color: rgb(80,80,80)'>1.736349</span></td><td><span style='background-color: rgb(180,180,180)'>1.443910</span></td></tr><tr><td> Topic4</td><td><span style='background-color: rgb(30,30,30)'>2.775957</span></td><td><span style='background-color: rgb(55,55,55)'>2.550659</span></td><td><span style='background-color: rgb(230,230,230)'>1.067240</span></td><td><span style='background-color: rgb(130,130,130)'>1.563184</span></td><td><span style='background-color: rgb(255,255,255)'>0.000000</span></td><td><span style='background-color: rgb(80,80,80)'>2.148918</span></td><td><span style='background-color: rgb(105,105,105)'>1.574665</span></td><td><span style='background-color: rgb(205,205,205)'>1.170510</span></td><td><span style='background-color: rgb(180,180,180)'>1.242607</span></td><td><span style='background-color: rgb(155,155,155)'>1.488667</span></td></tr><tr><td> Topic5</td><td><span style='background-color: rgb(30,30,30)'>2.446968</span></td><td><span style='background-color: rgb(80,80,80)'>1.973801</span></td><td><span style='background-color: rgb(130,130,130)'>1.706673</span></td><td><span style='background-color: rgb(230,230,230)'>1.145812</span></td><td><span style='background-color: rgb(55,55,55)'>2.148918</span></td><td><span style='background-color: rgb(255,255,255)'>0.000000</span></td><td><span style='background-color: rgb(205,205,205)'>1.334696</span></td><td><span style='background-color: rgb(155,155,155)'>1.666771</span></td><td><span style='background-color: rgb(105,105,105)'>1.960253</span></td><td><span style='background-color: rgb(180,180,180)'>1.455224</span></td></tr><tr><td> Topic6</td><td><span style='background-color: rgb(30,30,30)'>2.332995</span></td><td><span style='background-color: rgb(55,55,55)'>2.154834</span></td><td><span style='background-color: rgb(205,205,205)'>1.212474</span></td><td><span style='background-color: rgb(180,180,180)'>1.232463</span></td><td><span style='background-color: rgb(105,105,105)'>1.574665</span></td><td><span style='background-color: rgb(130,130,130)'>1.334696</span></td><td><span style='background-color: rgb(255,255,255)'>0.000000</span></td><td><span style='background-color: rgb(230,230,230)'>1.162675</span></td><td><span style='background-color: rgb(80,80,80)'>1.619980</span></td><td><span style='background-color: rgb(155,155,155)'>1.314827</span></td></tr><tr><td> Topic7</td><td><span style='background-color: rgb(30,30,30)'>2.834163</span></td><td><span style='background-color: rgb(55,55,55)'>2.401289</span></td><td><span style='background-color: rgb(230,230,230)'>1.024095</span></td><td><span style='background-color: rgb(105,105,105)'>1.453104</span></td><td><span style='background-color: rgb(180,180,180)'>1.170510</span></td><td><span style='background-color: rgb(80,80,80)'>1.666771</span></td><td><span style='background-color: rgb(205,205,205)'>1.162675</span></td><td><span style='background-color: rgb(255,255,255)'>0.000000</span></td><td><span style='background-color: rgb(130,130,130)'>1.444595</span></td><td><span style='background-color: rgb(155,155,155)'>1.319131</span></td></tr><tr><td> Topic8</td><td><span style='background-color: rgb(30,30,30)'>3.057810</span></td><td><span style='background-color: rgb(55,55,55)'>2.374787</span></td><td><span style='background-color: rgb(130,130,130)'>1.714996</span></td><td><span style='background-color: rgb(105,105,105)'>1.736349</span></td><td><span style='background-color: rgb(230,230,230)'>1.242607</span></td><td><span style='background-color: rgb(80,80,80)'>1.960253</span></td><td><span style='background-color: rgb(155,155,155)'>1.619980</span></td><td><span style='background-color: rgb(180,180,180)'>1.444595</span></td><td><span style='background-color: rgb(255,255,255)'>0.000000</span></td><td><span style='background-color: rgb(205,205,205)'>1.356579</span></td></tr><tr><td> Topic9</td><td><span style='background-color: rgb(30,30,30)'>2.606385</span></td><td><span style='background-color: rgb(55,55,55)'>2.167014</span></td><td><span style='background-color: rgb(155,155,155)'>1.370035</span></td><td><span style='background-color: rgb(130,130,130)'>1.443910</span></td><td><span style='background-color: rgb(80,80,80)'>1.488667</span></td><td><span style='background-color: rgb(105,105,105)'>1.455224</span></td><td><span style='background-color: rgb(230,230,230)'>1.314827</span></td><td><span style='background-color: rgb(205,205,205)'>1.319131</span></td><td><span style='background-color: rgb(180,180,180)'>1.356579</span></td><td><span style='background-color: rgb(255,255,255)'>0.000000</span></td></tr></tbody></table>