
topic List 1 is vertical and topic List 2 is horizontal
<style>table, th, td {border: 1px solid black;}</style><table><thead><tr><th></th><th> topic0</th><th> topic1</th><th> topic2</th><th> topic3</th><th> topic4</th><th> topic5</th><th> topic6</th><th> topic7</th><th> topic8</th><th> topic9</th></tr></thead><tbody><tr><td> topic0</td><td><span style='background-color: rgb(225,225,225)'>1.000000</span></td><td><span style='background-color: rgb(175,175,175)'>0.267427</span></td><td><span style='background-color: rgb(50,50,50)'>0.187648</span></td><td><span style='background-color: rgb(200,200,200)'>0.314060</span></td><td><span style='background-color: rgb(125,125,125)'>0.225490</span></td><td><span style='background-color: rgb(150,150,150)'>0.236094</span></td><td><span style='background-color: rgb(100,100,100)'>0.216545</span></td><td><span style='background-color: rgb(75,75,75)'>0.190476</span></td><td><span style='background-color: rgb(0,0,0)'>0.150748</span></td><td><span style='background-color: rgb(25,25,25)'>0.177856</span></td></tr><tr><td> topic1</td><td><span style='background-color: rgb(175,175,175)'>0.267427</span></td><td><span style='background-color: rgb(225,225,225)'>1.000000</span></td><td><span style='background-color: rgb(50,50,50)'>0.204819</span></td><td><span style='background-color: rgb(200,200,200)'>0.291990</span></td><td><span style='background-color: rgb(100,100,100)'>0.223990</span></td><td><span style='background-color: rgb(150,150,150)'>0.248439</span></td><td><span style='background-color: rgb(125,125,125)'>0.228501</span></td><td><span style='background-color: rgb(75,75,75)'>0.219512</span></td><td><span style='background-color: rgb(0,0,0)'>0.193317</span></td><td><span style='background-color: rgb(25,25,25)'>0.197605</span></td></tr><tr><td> topic2</td><td><span style='background-color: rgb(0,0,0)'>0.187648</span></td><td><span style='background-color: rgb(25,25,25)'>0.204819</span></td><td><span style='background-color: rgb(225,225,225)'>1.000000</span></td><td><span style='background-color: rgb(125,125,125)'>0.295337</span></td><td><span style='background-color: rgb(200,200,200)'>0.400560</span></td><td><span style='background-color: rgb(75,75,75)'>0.240695</span></td><td><span style='background-color: rgb(150,150,150)'>0.305483</span></td><td><span style='background-color: rgb(175,175,175)'>0.385042</span></td><td><span style='background-color: rgb(50,50,50)'>0.234568</span></td><td><span style='background-color: rgb(100,100,100)'>0.273885</span></td></tr><tr><td> topic3</td><td><span style='background-color: rgb(125,125,125)'>0.314060</span></td><td><span style='background-color: rgb(50,50,50)'>0.291990</span></td><td><span style='background-color: rgb(75,75,75)'>0.295337</span></td><td><span style='background-color: rgb(225,225,225)'>1.000000</span></td><td><span style='background-color: rgb(150,150,150)'>0.322751</span></td><td><span style='background-color: rgb(200,200,200)'>0.338688</span></td><td><span style='background-color: rgb(175,175,175)'>0.333333</span></td><td><span style='background-color: rgb(100,100,100)'>0.298701</span></td><td><span style='background-color: rgb(0,0,0)'>0.240695</span></td><td><span style='background-color: rgb(25,25,25)'>0.280410</span></td></tr><tr><td> topic4</td><td><span style='background-color: rgb(50,50,50)'>0.225490</span></td><td><span style='background-color: rgb(25,25,25)'>0.223990</span></td><td><span style='background-color: rgb(200,200,200)'>0.400560</span></td><td><span style='background-color: rgb(125,125,125)'>0.322751</span></td><td><span style='background-color: rgb(225,225,225)'>1.000000</span></td><td><span style='background-color: rgb(0,0,0)'>0.221001</span></td><td><span style='background-color: rgb(100,100,100)'>0.272265</span></td><td><span style='background-color: rgb(175,175,175)'>0.349528</span></td><td><span style='background-color: rgb(150,150,150)'>0.326260</span></td><td><span style='background-color: rgb(100,100,100)'>0.272265</span></td></tr><tr><td> topic5</td><td><span style='background-color: rgb(50,50,50)'>0.236094</span></td><td><span style='background-color: rgb(100,100,100)'>0.248439</span></td><td><span style='background-color: rgb(75,75,75)'>0.240695</span></td><td><span style='background-color: rgb(200,200,200)'>0.338688</span></td><td><span style='background-color: rgb(25,25,25)'>0.221001</span></td><td><span style='background-color: rgb(225,225,225)'>1.000000</span></td><td><span style='background-color: rgb(175,175,175)'>0.307190</span></td><td><span style='background-color: rgb(125,125,125)'>0.259446</span></td><td><span style='background-color: rgb(0,0,0)'>0.199041</span></td><td><span style='background-color: rgb(150,150,150)'>0.278772</span></td></tr><tr><td> topic6</td><td><span style='background-color: rgb(0,0,0)'>0.216545</span></td><td><span style='background-color: rgb(25,25,25)'>0.228501</span></td><td><span style='background-color: rgb(125,125,125)'>0.305483</span></td><td><span style='background-color: rgb(175,175,175)'>0.333333</span></td><td><span style='background-color: rgb(75,75,75)'>0.272265</span></td><td><span style='background-color: rgb(150,150,150)'>0.307190</span></td><td><span style='background-color: rgb(225,225,225)'>1.000000</span></td><td><span style='background-color: rgb(200,200,200)'>0.340483</span></td><td><span style='background-color: rgb(50,50,50)'>0.230012</span></td><td><span style='background-color: rgb(100,100,100)'>0.303781</span></td></tr><tr><td> topic7</td><td><span style='background-color: rgb(0,0,0)'>0.190476</span></td><td><span style='background-color: rgb(25,25,25)'>0.219512</span></td><td><span style='background-color: rgb(200,200,200)'>0.385042</span></td><td><span style='background-color: rgb(100,100,100)'>0.298701</span></td><td><span style='background-color: rgb(175,175,175)'>0.349528</span></td><td><span style='background-color: rgb(50,50,50)'>0.259446</span></td><td><span style='background-color: rgb(150,150,150)'>0.340483</span></td><td><span style='background-color: rgb(225,225,225)'>1.000000</span></td><td><span style='background-color: rgb(100,100,100)'>0.298701</span></td><td><span style='background-color: rgb(125,125,125)'>0.321004</span></td></tr><tr><td> topic8</td><td><span style='background-color: rgb(0,0,0)'>0.150748</span></td><td><span style='background-color: rgb(25,25,25)'>0.193317</span></td><td><span style='background-color: rgb(100,100,100)'>0.234568</span></td><td><span style='background-color: rgb(125,125,125)'>0.240695</span></td><td><span style='background-color: rgb(200,200,200)'>0.326260</span></td><td><span style='background-color: rgb(50,50,50)'>0.199041</span></td><td><span style='background-color: rgb(75,75,75)'>0.230012</span></td><td><span style='background-color: rgb(175,175,175)'>0.298701</span></td><td><span style='background-color: rgb(225,225,225)'>1.000000</span></td><td><span style='background-color: rgb(150,150,150)'>0.282051</span></td></tr><tr><td> topic9</td><td><span style='background-color: rgb(0,0,0)'>0.177856</span></td><td><span style='background-color: rgb(25,25,25)'>0.197605</span></td><td><span style='background-color: rgb(75,75,75)'>0.273885</span></td><td><span style='background-color: rgb(125,125,125)'>0.280410</span></td><td><span style='background-color: rgb(50,50,50)'>0.272265</span></td><td><span style='background-color: rgb(100,100,100)'>0.278772</span></td><td><span style='background-color: rgb(175,175,175)'>0.303781</span></td><td><span style='background-color: rgb(200,200,200)'>0.321004</span></td><td><span style='background-color: rgb(150,150,150)'>0.282051</span></td><td><span style='background-color: rgb(225,225,225)'>1.000000</span></td></tr></tbody></table>