
Topic List 1 is vertical and Topic List 2 is horizontal
<style>table, th, td {border: 1px solid black;}</style><table><thead><tr><th></th><th> Topic0</th><th> Topic1</th><th> Topic2</th><th> Topic3</th><th> Topic4</th><th> Topic5</th><th> Topic6</th><th> Topic7</th><th> Topic8</th><th> Topic9</th></tr></thead><tbody><tr><td> Topic0</td><td><span style='background-color: rgb(255,255,255)'>-0.000000</span></td><td><span style='background-color: rgb(205,205,205)'>0.547148</span></td><td><span style='background-color: rgb(80,80,80)'>0.720839</span></td><td><span style='background-color: rgb(230,230,230)'>0.447626</span></td><td><span style='background-color: rgb(105,105,105)'>0.703300</span></td><td><span style='background-color: rgb(155,155,155)'>0.601482</span></td><td><span style='background-color: rgb(180,180,180)'>0.601093</span></td><td><span style='background-color: rgb(55,55,55)'>0.724801</span></td><td><span style='background-color: rgb(30,30,30)'>0.783778</span></td><td><span style='background-color: rgb(130,130,130)'>0.686528</span></td></tr><tr><td> Topic1</td><td><span style='background-color: rgb(130,130,130)'>0.547148</span></td><td><span style='background-color: rgb(255,255,255)'>-0.000000</span></td><td><span style='background-color: rgb(55,55,55)'>0.595130</span></td><td><span style='background-color: rgb(230,230,230)'>0.444194</span></td><td><span style='background-color: rgb(30,30,30)'>0.616865</span></td><td><span style='background-color: rgb(205,205,205)'>0.462576</span></td><td><span style='background-color: rgb(180,180,180)'>0.511239</span></td><td><span style='background-color: rgb(105,105,105)'>0.583741</span></td><td><span style='background-color: rgb(80,80,80)'>0.591875</span></td><td><span style='background-color: rgb(155,155,155)'>0.541917</span></td></tr><tr><td> Topic2</td><td><span style='background-color: rgb(30,30,30)'>0.720839</span></td><td><span style='background-color: rgb(55,55,55)'>0.595130</span></td><td><span style='background-color: rgb(255,255,255)'>0.000000</span></td><td><span style='background-color: rgb(130,130,130)'>0.354487</span></td><td><span style='background-color: rgb(205,205,205)'>0.246866</span></td><td><span style='background-color: rgb(80,80,80)'>0.423991</span></td><td><span style='background-color: rgb(180,180,180)'>0.284504</span></td><td><span style='background-color: rgb(230,230,230)'>0.234746</span></td><td><span style='background-color: rgb(105,105,105)'>0.406621</span></td><td><span style='background-color: rgb(155,155,155)'>0.326758</span></td></tr><tr><td> Topic3</td><td><span style='background-color: rgb(30,30,30)'>0.447626</span></td><td><span style='background-color: rgb(55,55,55)'>0.444194</span></td><td><span style='background-color: rgb(130,130,130)'>0.354487</span></td><td><span style='background-color: rgb(255,255,255)'>0.000000</span></td><td><span style='background-color: rgb(105,105,105)'>0.373332</span></td><td><span style='background-color: rgb(230,230,230)'>0.260740</span></td><td><span style='background-color: rgb(205,205,205)'>0.288145</span></td><td><span style='background-color: rgb(155,155,155)'>0.349276</span></td><td><span style='background-color: rgb(80,80,80)'>0.420596</span></td><td><span style='background-color: rgb(180,180,180)'>0.344950</span></td></tr><tr><td> Topic4</td><td><span style='background-color: rgb(30,30,30)'>0.703300</span></td><td><span style='background-color: rgb(55,55,55)'>0.616865</span></td><td><span style='background-color: rgb(230,230,230)'>0.246866</span></td><td><span style='background-color: rgb(105,105,105)'>0.373332</span></td><td><span style='background-color: rgb(255,255,255)'>-0.000000</span></td><td><span style='background-color: rgb(80,80,80)'>0.528251</span></td><td><span style='background-color: rgb(130,130,130)'>0.372204</span></td><td><span style='background-color: rgb(205,205,205)'>0.275738</span></td><td><span style='background-color: rgb(180,180,180)'>0.287186</span></td><td><span style='background-color: rgb(155,155,155)'>0.355554</span></td></tr><tr><td> Topic5</td><td><span style='background-color: rgb(30,30,30)'>0.601482</span></td><td><span style='background-color: rgb(105,105,105)'>0.462576</span></td><td><span style='background-color: rgb(130,130,130)'>0.423991</span></td><td><span style='background-color: rgb(230,230,230)'>0.260740</span></td><td><span style='background-color: rgb(55,55,55)'>0.528251</span></td><td><span style='background-color: rgb(255,255,255)'>0.000000</span></td><td><span style='background-color: rgb(205,205,205)'>0.312625</span></td><td><span style='background-color: rgb(155,155,155)'>0.404400</span></td><td><span style='background-color: rgb(80,80,80)'>0.485491</span></td><td><span style='background-color: rgb(180,180,180)'>0.348962</span></td></tr><tr><td> Topic6</td><td><span style='background-color: rgb(30,30,30)'>0.601093</span></td><td><span style='background-color: rgb(55,55,55)'>0.511239</span></td><td><span style='background-color: rgb(205,205,205)'>0.284504</span></td><td><span style='background-color: rgb(180,180,180)'>0.288145</span></td><td><span style='background-color: rgb(105,105,105)'>0.372204</span></td><td><span style='background-color: rgb(130,130,130)'>0.312625</span></td><td><span style='background-color: rgb(255,255,255)'>0.000000</span></td><td><span style='background-color: rgb(230,230,230)'>0.268501</span></td><td><span style='background-color: rgb(80,80,80)'>0.385121</span></td><td><span style='background-color: rgb(155,155,155)'>0.303586</span></td></tr><tr><td> Topic7</td><td><span style='background-color: rgb(30,30,30)'>0.724801</span></td><td><span style='background-color: rgb(55,55,55)'>0.583741</span></td><td><span style='background-color: rgb(230,230,230)'>0.234746</span></td><td><span style='background-color: rgb(105,105,105)'>0.349276</span></td><td><span style='background-color: rgb(180,180,180)'>0.275738</span></td><td><span style='background-color: rgb(80,80,80)'>0.404400</span></td><td><span style='background-color: rgb(205,205,205)'>0.268501</span></td><td><span style='background-color: rgb(255,255,255)'>0.000000</span></td><td><span style='background-color: rgb(130,130,130)'>0.338854</span></td><td><span style='background-color: rgb(155,155,155)'>0.308562</span></td></tr><tr><td> Topic8</td><td><span style='background-color: rgb(30,30,30)'>0.783778</span></td><td><span style='background-color: rgb(55,55,55)'>0.591875</span></td><td><span style='background-color: rgb(130,130,130)'>0.406621</span></td><td><span style='background-color: rgb(105,105,105)'>0.420596</span></td><td><span style='background-color: rgb(230,230,230)'>0.287186</span></td><td><span style='background-color: rgb(80,80,80)'>0.485491</span></td><td><span style='background-color: rgb(155,155,155)'>0.385121</span></td><td><span style='background-color: rgb(180,180,180)'>0.338854</span></td><td><span style='background-color: rgb(255,255,255)'>-0.000000</span></td><td><span style='background-color: rgb(205,205,205)'>0.317889</span></td></tr><tr><td> Topic9</td><td><span style='background-color: rgb(30,30,30)'>0.686528</span></td><td><span style='background-color: rgb(55,55,55)'>0.541917</span></td><td><span style='background-color: rgb(155,155,155)'>0.326758</span></td><td><span style='background-color: rgb(130,130,130)'>0.344950</span></td><td><span style='background-color: rgb(80,80,80)'>0.355554</span></td><td><span style='background-color: rgb(105,105,105)'>0.348962</span></td><td><span style='background-color: rgb(230,230,230)'>0.303586</span></td><td><span style='background-color: rgb(205,205,205)'>0.308562</span></td><td><span style='background-color: rgb(180,180,180)'>0.317889</span></td><td><span style='background-color: rgb(255,255,255)'>0.000000</span></td></tr></tbody></table>