
topic List 1 is vertical and topic List 2 is horizontal
T_List1/T_List2     topic0        topic1        topic2        topic3        topic4        topic5        topic6        topic7        topic8        topic9   
    topic0    |    0.000000 |    0.033914 |    0.157175 |    0.127861 |    0.149728 |    0.119410 |    0.157964 |    0.155850 |    0.165992 |  **0.166530 
----------------------------------------------------------------------------------------------------------------------------------------------------------
    topic1    |    0.033914 |    0.000000 |    0.123262 |    0.093947 |    0.115815 |    0.085497 |    0.124050 |    0.121937 |    0.132078 |  **0.132616 
----------------------------------------------------------------------------------------------------------------------------------------------------------
    topic2    |  **0.157175 |    0.123262 |    0.000000 |    0.029315 |    0.007447 |    0.037765 |    0.000788 |    0.001325 |    0.008816 |    0.009355 
----------------------------------------------------------------------------------------------------------------------------------------------------------
    topic3    |  **0.127861 |    0.093947 |    0.029315 |    0.000000 |    0.021868 |    0.008450 |    0.030103 |    0.027989 |    0.038131 |    0.038669 
----------------------------------------------------------------------------------------------------------------------------------------------------------
    topic4    |  **0.149728 |    0.115815 |    0.007447 |    0.021868 |    0.000000 |    0.030318 |    0.008235 |    0.006122 |    0.016263 |    0.016802 
----------------------------------------------------------------------------------------------------------------------------------------------------------
    topic5    |  **0.119410 |    0.085497 |    0.037765 |    0.008450 |    0.030318 |    0.000000 |    0.038553 |    0.036440 |    0.046581 |    0.047119 
----------------------------------------------------------------------------------------------------------------------------------------------------------
    topic6    |  **0.157964 |    0.124050 |    0.000788 |    0.030103 |    0.008235 |    0.038553 |    0.000000 |    0.002113 |    0.008028 |    0.008566 
----------------------------------------------------------------------------------------------------------------------------------------------------------
    topic7    |  **0.155850 |    0.121937 |    0.001325 |    0.027989 |    0.006122 |    0.036440 |    0.002113 |    0.000000 |    0.010142 |    0.010680 
----------------------------------------------------------------------------------------------------------------------------------------------------------
    topic8    |  **0.165992 |    0.132078 |    0.008816 |    0.038131 |    0.016263 |    0.046581 |    0.008028 |    0.010142 |    0.000000 |    0.000538 
----------------------------------------------------------------------------------------------------------------------------------------------------------
    topic9    |  **0.166530 |    0.132616 |    0.009355 |    0.038669 |    0.016802 |    0.047119 |    0.008566 |    0.010680 |    0.000538 |    0.000000 
----------------------------------------------------------------------------------------------------------------------------------------------------------
