
topic List 1 is vertical and topic List 2 is horizontal
<style>table, th, td {border: 1px solid black;}</style><table><thead><tr><th></th><th> topic0</th><th> topic1</th><th> topic2</th><th> topic3</th><th> topic4</th><th> topic5</th><th> topic6</th><th> topic7</th><th> topic8</th><th> topic9</th></tr></thead><tbody><tr><td> topic0</td><td><span style='background-color: rgb(225,225,225)'>1.000000</span></td><td><span style='background-color: rgb(175,175,175)'>0.002567</span></td><td><span style='background-color: rgb(125,125,125)'>0.001308</span></td><td><span style='background-color: rgb(50,50,50)'>-0.002657</span></td><td><span style='background-color: rgb(25,25,25)'>-0.006131</span></td><td><span style='background-color: rgb(75,75,75)'>-0.000234</span></td><td><span style='background-color: rgb(150,150,150)'>0.002306</span></td><td><span style='background-color: rgb(100,100,100)'>0.001260</span></td><td><span style='background-color: rgb(0,0,0)'>-0.012463</span></td><td><span style='background-color: rgb(200,200,200)'>0.002985</span></td></tr><tr><td> topic1</td><td><span style='background-color: rgb(125,125,125)'>0.002567</span></td><td><span style='background-color: rgb(225,225,225)'>1.000000</span></td><td><span style='background-color: rgb(0,0,0)'>-0.005237</span></td><td><span style='background-color: rgb(150,150,150)'>0.002909</span></td><td><span style='background-color: rgb(175,175,175)'>0.003871</span></td><td><span style='background-color: rgb(200,200,200)'>0.006499</span></td><td><span style='background-color: rgb(50,50,50)'>-0.003710</span></td><td><span style='background-color: rgb(100,100,100)'>-0.002732</span></td><td><span style='background-color: rgb(25,25,25)'>-0.004011</span></td><td><span style='background-color: rgb(75,75,75)'>-0.003549</span></td></tr><tr><td> topic2</td><td><span style='background-color: rgb(150,150,150)'>0.001308</span></td><td><span style='background-color: rgb(0,0,0)'>-0.005237</span></td><td><span style='background-color: rgb(225,225,225)'>1.000000</span></td><td><span style='background-color: rgb(125,125,125)'>0.000743</span></td><td><span style='background-color: rgb(25,25,25)'>-0.003965</span></td><td><span style='background-color: rgb(75,75,75)'>-0.001707</span></td><td><span style='background-color: rgb(200,200,200)'>0.006640</span></td><td><span style='background-color: rgb(175,175,175)'>0.004219</span></td><td><span style='background-color: rgb(100,100,100)'>0.000398</span></td><td><span style='background-color: rgb(50,50,50)'>-0.002321</span></td></tr><tr><td> topic3</td><td><span style='background-color: rgb(25,25,25)'>-0.002657</span></td><td><span style='background-color: rgb(125,125,125)'>0.002909</span></td><td><span style='background-color: rgb(100,100,100)'>0.000743</span></td><td><span style='background-color: rgb(225,225,225)'>1.000000</span></td><td><span style='background-color: rgb(50,50,50)'>0.000384</span></td><td><span style='background-color: rgb(0,0,0)'>-0.002787</span></td><td><span style='background-color: rgb(175,175,175)'>0.004109</span></td><td><span style='background-color: rgb(150,150,150)'>0.003025</span></td><td><span style='background-color: rgb(75,75,75)'>0.000716</span></td><td><span style='background-color: rgb(200,200,200)'>0.008673</span></td></tr><tr><td> topic4</td><td><span style='background-color: rgb(0,0,0)'>-0.006131</span></td><td><span style='background-color: rgb(200,200,200)'>0.003871</span></td><td><span style='background-color: rgb(25,25,25)'>-0.003965</span></td><td><span style='background-color: rgb(100,100,100)'>0.000384</span></td><td><span style='background-color: rgb(225,225,225)'>1.000000</span></td><td><span style='background-color: rgb(175,175,175)'>0.002615</span></td><td><span style='background-color: rgb(150,150,150)'>0.001198</span></td><td><span style='background-color: rgb(125,125,125)'>0.001083</span></td><td><span style='background-color: rgb(50,50,50)'>-0.001677</span></td><td><span style='background-color: rgb(75,75,75)'>-0.000397</span></td></tr><tr><td> topic5</td><td><span style='background-color: rgb(125,125,125)'>-0.000234</span></td><td><span style='background-color: rgb(200,200,200)'>0.006499</span></td><td><span style='background-color: rgb(100,100,100)'>-0.001707</span></td><td><span style='background-color: rgb(50,50,50)'>-0.002787</span></td><td><span style='background-color: rgb(175,175,175)'>0.002615</span></td><td><span style='background-color: rgb(225,225,225)'>1.000000</span></td><td><span style='background-color: rgb(0,0,0)'>-0.004758</span></td><td><span style='background-color: rgb(75,75,75)'>-0.002250</span></td><td><span style='background-color: rgb(25,25,25)'>-0.003483</span></td><td><span style='background-color: rgb(150,150,150)'>0.000513</span></td></tr><tr><td> topic6</td><td><span style='background-color: rgb(125,125,125)'>0.002306</span></td><td><span style='background-color: rgb(50,50,50)'>-0.003710</span></td><td><span style='background-color: rgb(200,200,200)'>0.006640</span></td><td><span style='background-color: rgb(175,175,175)'>0.004109</span></td><td><span style='background-color: rgb(100,100,100)'>0.001198</span></td><td><span style='background-color: rgb(0,0,0)'>-0.004758</span></td><td><span style='background-color: rgb(225,225,225)'>1.000000</span></td><td><span style='background-color: rgb(150,150,150)'>0.003645</span></td><td><span style='background-color: rgb(25,25,25)'>-0.004541</span></td><td><span style='background-color: rgb(75,75,75)'>0.000211</span></td></tr><tr><td> topic7</td><td><span style='background-color: rgb(125,125,125)'>0.001260</span></td><td><span style='background-color: rgb(50,50,50)'>-0.002732</span></td><td><span style='background-color: rgb(200,200,200)'>0.004219</span></td><td><span style='background-color: rgb(150,150,150)'>0.003025</span></td><td><span style='background-color: rgb(100,100,100)'>0.001083</span></td><td><span style='background-color: rgb(75,75,75)'>-0.002250</span></td><td><span style='background-color: rgb(175,175,175)'>0.003645</span></td><td><span style='background-color: rgb(225,225,225)'>1.000000</span></td><td><span style='background-color: rgb(0,0,0)'>-0.004889</span></td><td><span style='background-color: rgb(25,25,25)'>-0.004590</span></td></tr><tr><td> topic8</td><td><span style='background-color: rgb(0,0,0)'>-0.012463</span></td><td><span style='background-color: rgb(75,75,75)'>-0.004011</span></td><td><span style='background-color: rgb(175,175,175)'>0.000398</span></td><td><span style='background-color: rgb(200,200,200)'>0.000716</span></td><td><span style='background-color: rgb(125,125,125)'>-0.001677</span></td><td><span style='background-color: rgb(100,100,100)'>-0.003483</span></td><td><span style='background-color: rgb(50,50,50)'>-0.004541</span></td><td><span style='background-color: rgb(25,25,25)'>-0.004889</span></td><td><span style='background-color: rgb(225,225,225)'>1.000000</span></td><td><span style='background-color: rgb(150,150,150)'>0.000106</span></td></tr><tr><td> topic9</td><td><span style='background-color: rgb(175,175,175)'>0.002985</span></td><td><span style='background-color: rgb(25,25,25)'>-0.003549</span></td><td><span style='background-color: rgb(50,50,50)'>-0.002321</span></td><td><span style='background-color: rgb(200,200,200)'>0.008673</span></td><td><span style='background-color: rgb(75,75,75)'>-0.000397</span></td><td><span style='background-color: rgb(150,150,150)'>0.000513</span></td><td><span style='background-color: rgb(125,125,125)'>0.000211</span></td><td><span style='background-color: rgb(0,0,0)'>-0.004590</span></td><td><span style='background-color: rgb(100,100,100)'>0.000106</span></td><td><span style='background-color: rgb(225,225,225)'>1.000000</span></td></tr></tbody></table>