
topic List 1 is vertical and topic List 2 is horizontal
T_List1/T_List2     topic0        topic1        topic2        topic3        topic4        topic5        topic6        topic7        topic8        topic9   
    topic0    |   1.000000  |   0.267427  |   0.187648  |   0.314060  |   0.225490  |   0.236094  |   0.216545  |   0.190476  |##0.150748   | #0.177856   
----------------------------------------------------------------------------------------------------------------------------------------------------------
    topic1    |   0.267427  |   1.000000  |   0.204819  |   0.291990  |   0.223990  |   0.248439  |   0.228501  |   0.219512  |##0.193317   | #0.197605   
----------------------------------------------------------------------------------------------------------------------------------------------------------
    topic2    |##0.187648   | #0.204819   |   1.000000  |   0.295337  |   0.400560  |   0.240695  |   0.305483  |   0.385042  |   0.234568  |   0.273885  
----------------------------------------------------------------------------------------------------------------------------------------------------------
    topic3    |   0.314060  |   0.291990  |   0.295337  |   1.000000  |   0.322751  |   0.338688  |   0.333333  |   0.298701  |##0.240695   | #0.280410   
----------------------------------------------------------------------------------------------------------------------------------------------------------
    topic4    |   0.225490  | #0.223990   |   0.400560  |   0.322751  |   1.000000  |##0.221001   |   0.272265  |   0.349528  |   0.326260  |   0.272265  
----------------------------------------------------------------------------------------------------------------------------------------------------------
    topic5    |   0.236094  |   0.248439  |   0.240695  |   0.338688  | #0.221001   |   1.000000  |   0.307190  |   0.259446  |##0.199041   |   0.278772  
----------------------------------------------------------------------------------------------------------------------------------------------------------
    topic6    |##0.216545   | #0.228501   |   0.305483  |   0.333333  |   0.272265  |   0.307190  |   1.000000  |   0.340483  |   0.230012  |   0.303781  
----------------------------------------------------------------------------------------------------------------------------------------------------------
    topic7    |##0.190476   | #0.219512   |   0.385042  |   0.298701  |   0.349528  |   0.259446  |   0.340483  |   1.000000  |   0.298701  |   0.321004  
----------------------------------------------------------------------------------------------------------------------------------------------------------
    topic8    |##0.150748   | #0.193317   |   0.234568  |   0.240695  |   0.326260  |   0.199041  |   0.230012  |   0.298701  |   1.000000  |   0.282051  
----------------------------------------------------------------------------------------------------------------------------------------------------------
    topic9    |##0.177856   | #0.197605   |   0.273885  |   0.280410  |   0.272265  |   0.278772  |   0.303781  |   0.321004  |   0.282051  |   1.000000  
----------------------------------------------------------------------------------------------------------------------------------------------------------
