
Topic List 1 is vertical and Topic List 2 is horizontal
T_List1/T_List2     Topic0        Topic1        Topic2        Topic3        Topic4        Topic5        Topic6        Topic7        Topic8        Topic9   
    Topic0    |   -0.000000 |   0.547148  |   0.720839  |   0.447626  |   0.703300  |   0.601482  |   0.601093  |  ^0.724801  | **0.783778  |   0.686528  
----------------------------------------------------------------------------------------------------------------------------------------------------------
    Topic1    |   0.547148  |   -0.000000 |  ^0.595130  |   0.444194  | **0.616865  |   0.462576  |   0.511239  |   0.583741  |   0.591875  |   0.541917  
----------------------------------------------------------------------------------------------------------------------------------------------------------
    Topic2    | **0.720839  |  ^0.595130  |   0.000000  |   0.354487  |   0.246866  |   0.423991  |   0.284504  |   0.234746  |   0.406621  |   0.326758  
----------------------------------------------------------------------------------------------------------------------------------------------------------
    Topic3    | **0.447626  |  ^0.444194  |   0.354487  |   0.000000  |   0.373332  |   0.260740  |   0.288145  |   0.349276  |   0.420596  |   0.344950  
----------------------------------------------------------------------------------------------------------------------------------------------------------
    Topic4    | **0.703300  |  ^0.616865  |   0.246866  |   0.373332  |   -0.000000 |   0.528251  |   0.372204  |   0.275738  |   0.287186  |   0.355554  
----------------------------------------------------------------------------------------------------------------------------------------------------------
    Topic5    | **0.601482  |   0.462576  |   0.423991  |   0.260740  |  ^0.528251  |   0.000000  |   0.312625  |   0.404400  |   0.485491  |   0.348962  
----------------------------------------------------------------------------------------------------------------------------------------------------------
    Topic6    | **0.601093  |  ^0.511239  |   0.284504  |   0.288145  |   0.372204  |   0.312625  |   0.000000  |   0.268501  |   0.385121  |   0.303586  
----------------------------------------------------------------------------------------------------------------------------------------------------------
    Topic7    | **0.724801  |  ^0.583741  |   0.234746  |   0.349276  |   0.275738  |   0.404400  |   0.268501  |   0.000000  |   0.338854  |   0.308562  
----------------------------------------------------------------------------------------------------------------------------------------------------------
    Topic8    | **0.783778  |  ^0.591875  |   0.406621  |   0.420596  |   0.287186  |   0.485491  |   0.385121  |   0.338854  |   -0.000000 |   0.317889  
----------------------------------------------------------------------------------------------------------------------------------------------------------
    Topic9    | **0.686528  |  ^0.541917  |   0.326758  |   0.344950  |   0.355554  |   0.348962  |   0.303586  |   0.308562  |   0.317889  |   0.000000  
----------------------------------------------------------------------------------------------------------------------------------------------------------
