
topic List 1 is vertical and topic List 2 is horizontal
T_List1/T_List2     topic0        topic1        topic2        topic3        topic4        topic5        topic6        topic7        topic8        topic9   
    topic0    |   1.000000  |   0.002567  |   0.001308  |   -0.002657 | #-0.006131  |   -0.000234 |   0.002306  |   0.001260  |##-0.012463  |   0.002985  
----------------------------------------------------------------------------------------------------------------------------------------------------------
    topic1    |   0.002567  |   1.000000  |##-0.005237  |   0.002909  |   0.003871  |   0.006499  |   -0.003710 |   -0.002732 | #-0.004011  |   -0.003549 
----------------------------------------------------------------------------------------------------------------------------------------------------------
    topic2    |   0.001308  |##-0.005237  |   1.000000  |   0.000743  | #-0.003965  |   -0.001707 |   0.006640  |   0.004219  |   0.000398  |   -0.002321 
----------------------------------------------------------------------------------------------------------------------------------------------------------
    topic3    | #-0.002657  |   0.002909  |   0.000743  |   1.000000  |   0.000384  |##-0.002787  |   0.004109  |   0.003025  |   0.000716  |   0.008673  
----------------------------------------------------------------------------------------------------------------------------------------------------------
    topic4    |##-0.006131  |   0.003871  | #-0.003965  |   0.000384  |   1.000000  |   0.002615  |   0.001198  |   0.001083  |   -0.001677 |   -0.000397 
----------------------------------------------------------------------------------------------------------------------------------------------------------
    topic5    |   -0.000234 |   0.006499  |   -0.001707 |   -0.002787 |   0.002615  |   1.000000  |##-0.004758  |   -0.002250 | #-0.003483  |   0.000513  
----------------------------------------------------------------------------------------------------------------------------------------------------------
    topic6    |   0.002306  |   -0.003710 |   0.006640  |   0.004109  |   0.001198  |##-0.004758  |   1.000000  |   0.003645  | #-0.004541  |   0.000211  
----------------------------------------------------------------------------------------------------------------------------------------------------------
    topic7    |   0.001260  |   -0.002732 |   0.004219  |   0.003025  |   0.001083  |   -0.002250 |   0.003645  |   1.000000  |##-0.004889  | #-0.004590  
----------------------------------------------------------------------------------------------------------------------------------------------------------
    topic8    |##-0.012463  |   -0.004011 |   0.000398  |   0.000716  |   -0.001677 |   -0.003483 |   -0.004541 | #-0.004889  |   1.000000  |   0.000106  
----------------------------------------------------------------------------------------------------------------------------------------------------------
    topic9    |   0.002985  | #-0.003549  |   -0.002321 |   0.008673  |   -0.000397 |   0.000513  |   0.000211  |##-0.004590  |   0.000106  |   1.000000  
----------------------------------------------------------------------------------------------------------------------------------------------------------
