
topic List 1 is vertical and topic List 2 is horizontal
<style>table, th, td {border: 1px solid black;}</style><table><thead><tr><th></th><th> topic0</th><th> topic1</th><th> topic2</th><th> topic3</th><th> topic4</th><th> topic5</th><th> topic6</th><th> topic7</th><th> topic8</th><th> topic9</th></tr></thead><tbody><tr><td> topic0</td><td><span style='background-color: rgb(255,255,255)'>0.000000</span></td><td><span style='background-color: rgb(230,230,230)'>0.033914</span></td><td><span style='background-color: rgb(105,105,105)'>0.157175</span></td><td><span style='background-color: rgb(180,180,180)'>0.127861</span></td><td><span style='background-color: rgb(155,155,155)'>0.149728</span></td><td><span style='background-color: rgb(205,205,205)'>0.119410</span></td><td><span style='background-color: rgb(80,80,80)'>0.157964</span></td><td><span style='background-color: rgb(130,130,130)'>0.155850</span></td><td><span style='background-color: rgb(55,55,55)'>0.165992</span></td><td><span style='background-color: rgb(30,30,30)'>0.166530</span></td></tr><tr><td> topic1</td><td><span style='background-color: rgb(230,230,230)'>0.033914</span></td><td><span style='background-color: rgb(255,255,255)'>0.000000</span></td><td><span style='background-color: rgb(105,105,105)'>0.123262</span></td><td><span style='background-color: rgb(180,180,180)'>0.093947</span></td><td><span style='background-color: rgb(155,155,155)'>0.115815</span></td><td><span style='background-color: rgb(205,205,205)'>0.085497</span></td><td><span style='background-color: rgb(80,80,80)'>0.124050</span></td><td><span style='background-color: rgb(130,130,130)'>0.121937</span></td><td><span style='background-color: rgb(55,55,55)'>0.132078</span></td><td><span style='background-color: rgb(30,30,30)'>0.132616</span></td></tr><tr><td> topic2</td><td><span style='background-color: rgb(30,30,30)'>0.157175</span></td><td><span style='background-color: rgb(55,55,55)'>0.123262</span></td><td><span style='background-color: rgb(255,255,255)'>0.000000</span></td><td><span style='background-color: rgb(105,105,105)'>0.029315</span></td><td><span style='background-color: rgb(180,180,180)'>0.007447</span></td><td><span style='background-color: rgb(80,80,80)'>0.037765</span></td><td><span style='background-color: rgb(230,230,230)'>0.000788</span></td><td><span style='background-color: rgb(205,205,205)'>0.001325</span></td><td><span style='background-color: rgb(155,155,155)'>0.008816</span></td><td><span style='background-color: rgb(130,130,130)'>0.009355</span></td></tr><tr><td> topic3</td><td><span style='background-color: rgb(30,30,30)'>0.127861</span></td><td><span style='background-color: rgb(55,55,55)'>0.093947</span></td><td><span style='background-color: rgb(155,155,155)'>0.029315</span></td><td><span style='background-color: rgb(255,255,255)'>0.000000</span></td><td><span style='background-color: rgb(205,205,205)'>0.021868</span></td><td><span style='background-color: rgb(230,230,230)'>0.008450</span></td><td><span style='background-color: rgb(130,130,130)'>0.030103</span></td><td><span style='background-color: rgb(180,180,180)'>0.027989</span></td><td><span style='background-color: rgb(105,105,105)'>0.038131</span></td><td><span style='background-color: rgb(80,80,80)'>0.038669</span></td></tr><tr><td> topic4</td><td><span style='background-color: rgb(30,30,30)'>0.149728</span></td><td><span style='background-color: rgb(55,55,55)'>0.115815</span></td><td><span style='background-color: rgb(205,205,205)'>0.007447</span></td><td><span style='background-color: rgb(105,105,105)'>0.021868</span></td><td><span style='background-color: rgb(255,255,255)'>0.000000</span></td><td><span style='background-color: rgb(80,80,80)'>0.030318</span></td><td><span style='background-color: rgb(180,180,180)'>0.008235</span></td><td><span style='background-color: rgb(230,230,230)'>0.006122</span></td><td><span style='background-color: rgb(155,155,155)'>0.016263</span></td><td><span style='background-color: rgb(130,130,130)'>0.016802</span></td></tr><tr><td> topic5</td><td><span style='background-color: rgb(30,30,30)'>0.119410</span></td><td><span style='background-color: rgb(55,55,55)'>0.085497</span></td><td><span style='background-color: rgb(155,155,155)'>0.037765</span></td><td><span style='background-color: rgb(230,230,230)'>0.008450</span></td><td><span style='background-color: rgb(205,205,205)'>0.030318</span></td><td><span style='background-color: rgb(255,255,255)'>0.000000</span></td><td><span style='background-color: rgb(130,130,130)'>0.038553</span></td><td><span style='background-color: rgb(180,180,180)'>0.036440</span></td><td><span style='background-color: rgb(105,105,105)'>0.046581</span></td><td><span style='background-color: rgb(80,80,80)'>0.047119</span></td></tr><tr><td> topic6</td><td><span style='background-color: rgb(30,30,30)'>0.157964</span></td><td><span style='background-color: rgb(55,55,55)'>0.124050</span></td><td><span style='background-color: rgb(230,230,230)'>0.000788</span></td><td><span style='background-color: rgb(105,105,105)'>0.030103</span></td><td><span style='background-color: rgb(155,155,155)'>0.008235</span></td><td><span style='background-color: rgb(80,80,80)'>0.038553</span></td><td><span style='background-color: rgb(255,255,255)'>0.000000</span></td><td><span style='background-color: rgb(205,205,205)'>0.002113</span></td><td><span style='background-color: rgb(180,180,180)'>0.008028</span></td><td><span style='background-color: rgb(130,130,130)'>0.008566</span></td></tr><tr><td> topic7</td><td><span style='background-color: rgb(30,30,30)'>0.155850</span></td><td><span style='background-color: rgb(55,55,55)'>0.121937</span></td><td><span style='background-color: rgb(230,230,230)'>0.001325</span></td><td><span style='background-color: rgb(105,105,105)'>0.027989</span></td><td><span style='background-color: rgb(180,180,180)'>0.006122</span></td><td><span style='background-color: rgb(80,80,80)'>0.036440</span></td><td><span style='background-color: rgb(205,205,205)'>0.002113</span></td><td><span style='background-color: rgb(255,255,255)'>0.000000</span></td><td><span style='background-color: rgb(155,155,155)'>0.010142</span></td><td><span style='background-color: rgb(130,130,130)'>0.010680</span></td></tr><tr><td> topic8</td><td><span style='background-color: rgb(30,30,30)'>0.165992</span></td><td><span style='background-color: rgb(55,55,55)'>0.132078</span></td><td><span style='background-color: rgb(180,180,180)'>0.008816</span></td><td><span style='background-color: rgb(105,105,105)'>0.038131</span></td><td><span style='background-color: rgb(130,130,130)'>0.016263</span></td><td><span style='background-color: rgb(80,80,80)'>0.046581</span></td><td><span style='background-color: rgb(205,205,205)'>0.008028</span></td><td><span style='background-color: rgb(155,155,155)'>0.010142</span></td><td><span style='background-color: rgb(255,255,255)'>0.000000</span></td><td><span style='background-color: rgb(230,230,230)'>0.000538</span></td></tr><tr><td> topic9</td><td><span style='background-color: rgb(30,30,30)'>0.166530</span></td><td><span style='background-color: rgb(55,55,55)'>0.132616</span></td><td><span style='background-color: rgb(180,180,180)'>0.009355</span></td><td><span style='background-color: rgb(105,105,105)'>0.038669</span></td><td><span style='background-color: rgb(130,130,130)'>0.016802</span></td><td><span style='background-color: rgb(80,80,80)'>0.047119</span></td><td><span style='background-color: rgb(205,205,205)'>0.008566</span></td><td><span style='background-color: rgb(155,155,155)'>0.010680</span></td><td><span style='background-color: rgb(230,230,230)'>0.000538</span></td><td><span style='background-color: rgb(255,255,255)'>0.000000</span></td></tr></tbody></table>