Topic  0   -37.9120263549

lt : 0.0459582689423
net : 0.0432255226734
mln : 0.0388917212538
shr : 0.0366976423769
ct : 0.0361259205429
qtr : 0.0309471832862
year : 0.02810807972
dlrs : 0.0274455777915
loss : 0.0239309503027
note : 0.0236373480179


Topic  3   -56.2839997939

lt : 0.0159369153809
company : 0.0156779988227
mln : 0.015328979915
dlrs : 0.0119101149892
share : 0.0101655065156
pct : 0.00956468888456
corp : 0.0089707052732
expect : 0.00831314850725
year : 0.00749547235944
report : 0.00636325866447


Topic  6   -57.9028298919

agreement : 0.00779435745709
federal : 0.00750414772263
dlrs : 0.00721473207489
market : 0.00664803364485
pct : 0.00662134281836
lt : 0.00625279349418
u.s. : 0.00608573004381
billion : 0.00551996832996
company : 0.00493443345762
add : 0.00482975477499


Topic  2   -58.3375795489

bank : 0.00881357050595
rate : 0.00841414818729
currency : 0.00672319874673
pct : 0.00628563439391
billion : 0.00592110192766
exchange : 0.00580334384059
u.s. : 0.00561629673417
dollar : 0.00521407075238
rise : 0.00505113798747
foreign : 0.00502244206852


Topic  4   -59.2504169465

year : 0.0117553700344
pct : 0.00885017922828
rise : 0.00882875817432
price : 0.00786066159915
export : 0.0068609945038
u.s. : 0.00680172083357
increase : 0.0062445106196
mln : 0.00620110495996
month : 0.0060383318639
trade : 0.00601233119472


Topic  1   -61.3104536131

lt : 0.0393632901654
record : 0.0360011319266
ct : 0.0309117276917
april : 0.0301725269303
pay : 0.0284308875582
div : 0.026148253151
prior : 0.0230179622995
qtly : 0.0213458183914
dividend : 0.0203980719334
set : 0.0181052279637


Topic  5   -62.1461175802

lt : 0.0201433941976
share : 0.0160976777848
company : 0.0143127418947
pct : 0.0127081481319
corp : 0.0114474918563
stock : 0.0108512147865
dlrs : 0.0107223155121
group : 0.0104782220638
common : 0.0104334740585
buy : 0.00883448799315


Topic  9   -72.7988714975

company : 0.00620400771627
make : 0.00548742879811
lt : 0.00540976651109
u.s. : 0.0053759320459
state : 0.00474750701944
united : 0.00458614715414
oil : 0.00434633343723
international : 0.0040290259757
agreement : 0.00397210529789
dlrs : 0.0037913283891


Topic  7   -74.6703219855

market : 0.0105236702523
bank : 0.00797361953062
today : 0.00744694432581
mln : 0.00665661136082
buy : 0.00568990173978
money : 0.00518708605598
u.k. : 0.00512439740567
u.s. : 0.00512072276135
pct : 0.005086610685
bill : 0.00484549037655


Topic  8   -85.0602701546

tonne : 0.00645455578648
export : 0.00640088778931
u.s. : 0.00609487138614
agriculture : 0.00483943356806
year : 0.00462875330342
report : 0.00395874884975
official : 0.00380271384842
state : 0.00373414684342
grain : 0.00370785051029
brazil : 0.00339040657711


